    0.068277    0.024328   -0.278220    0.933097   -0.980590   -0.471560
    0.446497    0.037719   -0.941822   -0.786218    0.362833   -0.894984
    0.265492   -0.097240    0.759330    0.146348   -0.016605    0.194548
    0.513220    0.116002   -0.872968   -0.817741    0.517925   -0.173046
   -0.384979    0.846679    0.008992    0.861429    0.971894    0.703811
    0.906437    0.301904   -0.921266   -0.424725    0.483826   -0.774744
   -0.650069   -0.128363   -0.937191    0.461530    0.438848   -0.225499
   -0.923930    0.761185   -0.486848    0.835604    0.470572    0.237497
    0.101112    0.988363    0.192525   -0.912325    0.831585   -0.764031
    0.895542    0.473373   -0.187589   -0.902856    0.413100   -0.014534
   -0.364164    0.197526    0.243566   -0.893047   -0.964482    0.761612
    0.071209   -0.999922    0.536345    0.026496    0.010157    0.903862
    0.406590    0.901086    0.241697    0.623549    0.492754   -0.542292
   -0.691289   -0.254890    0.516801    0.303757   -0.653221   -0.537867
   -0.970606    0.691697    0.366892    0.246859   -0.657583   -0.896674
    0.015029    0.549662   -0.193771   -0.272465   -0.483633   -0.628950
   -0.201781    0.397632   -0.684731   -0.772760   -0.878507    0.427542
    0.273887    0.315338    0.950385   -0.322856   -0.028775    0.043901
    0.193211   -0.159900   -0.507213    0.031211    0.723150    0.900609
   -0.703980   -0.594594   -0.809121    0.255189    0.804417    0.314941
   -0.285308   -0.809726    0.012431   -0.353058   -0.716191    0.236503
   -0.971908    0.935835    0.726298    0.712832   -0.927070   -0.100012
    0.773820   -0.815282    0.863332   -0.431205   -0.558817   -0.976094
    0.213247    0.441593    0.876384   -0.666850   -0.343127    0.112991
   -0.800551    0.323831   -0.046993    0.062192    0.068598    0.424928
   -0.068344    0.491584   -0.652885   -0.225681    0.890922    0.173867
    0.516433    0.113406   -0.859278    0.804499    0.666178    0.316442
    0.416929    0.124247   -0.949386    0.535615    0.211860    0.856059
   -0.745397    0.574851   -0.348031   -0.222021   -0.037350   -0.859296
   -0.387114   -0.162043    0.416808    0.641635   -0.835422   -0.656256
    0.516907   -0.484277    0.993849   -0.237102   -0.560321   -0.772098
   -0.124002    0.614866   -0.231144   -0.915727   -0.078362    0.034137
   -0.720121   -0.025898   -0.565649    0.086705   -0.608850    0.929729
   -0.649803   -0.701952   -0.853340   -0.256627    0.216571    0.177638
   -0.313769   -0.659347   -0.702213    0.541698    0.492446    0.137127
    0.084718   -0.122701    0.686318   -0.264456    0.560880   -0.997441
   -0.167284   -0.499102   -0.490087   -0.828700    0.908785    0.580215
   -0.330523   -0.039251    0.266632    0.132027    0.384123    0.155532
   -0.968469    0.529595   -0.129899   -0.605865   -0.995138    0.741006
    0.346816   -0.302792   -0.313517   -0.630382   -0.517030    0.217503
    0.265833    0.668880   -0.619718   -0.202636    0.725356    0.729121
    0.510629    0.331741    0.706122   -0.654283    0.698136    0.200325
   -0.571083    0.214969   -0.039162   -0.783906   -0.735853    0.534344
    0.074456    0.487260   -0.361543   -0.857383   -0.070269    0.123202
   -0.085134   -0.191769    0.732164   -0.589537   -0.887713   -0.196761
    0.197424   -0.437077    0.725401    0.333940   -0.424968   -0.013331
    0.828219    0.383491   -0.347460    0.992117    0.168884   -0.144857
    0.658401    0.455589   -0.947752   -0.159645   -0.277908    0.967718
    0.104535    0.893961   -0.394167   -0.130502   -0.674870   -0.225315
   -0.122111   -0.282169    0.564939    0.044517   -0.113361    0.131697
    0.416726    0.854222    0.510360    0.418189    0.953576   -0.615568
   -0.619789   -0.432844   -0.683759   -0.904459    0.593916   -0.881136
    0.308220   -0.131942    0.970886    0.162923   -0.324348    0.625766
   -0.107515    0.690317   -0.883246    0.038021   -0.771692    0.986197
    0.976298    0.569448    0.759947   -0.901185    0.125500    0.237916
    0.127061    0.696262   -0.720327    0.713307   -0.244707    0.771920
   -0.692649    0.954148   -0.848736    0.564114    0.098543   -0.626133
    0.872586    0.247034    0.386427    0.774531   -0.955500   -0.130537
   -0.182610    0.665187   -0.145026    0.613099   -0.183043   -0.419033
    0.169165   -0.695588   -0.761193    0.418843    0.252400    0.318959
   -0.039624    0.815120    0.981114   -0.678600   -0.277273   -0.131279
   -0.137218   -0.473661   -0.923454   -0.499050    0.391854    0.247725
    0.209885    0.978228   -0.651534    0.864414   -0.168444    0.274485
   -0.112141    0.329886    0.077042    0.258849   -0.242866    0.331746
    0.605362   -0.948666   -0.883913   -0.871787   -0.351879    0.479856
   -0.586894    0.686430   -0.923043   -0.723531   -0.928222    0.983423
   -0.091182   -0.613113   -0.548607    0.670789   -0.130325    0.052028
    0.776995   -0.886305   -0.968216    0.414236    0.209672    0.088742
   -0.048215    0.503262   -0.103944   -0.998078   -0.214215    0.126166
   -0.006333   -0.814300   -0.657978   -0.941602   -0.632914    0.905647
    0.060730    0.210441    0.820479   -0.802934    0.300290   -0.127882
   -0.752989    0.927281   -0.222485   -0.428407   -0.084477    0.331122
    0.387876   -0.631370   -0.324142    0.388059    0.684808    0.557540
   -0.053646   -0.621570    0.160262    0.137185    0.641537   -0.669599
   -0.253627    0.243367   -0.973082    0.448859   -0.843231    0.872433
   -0.375642   -0.957207   -0.084244    0.376624   -0.115380   -0.275797
    0.117323   -0.121900    0.678460    0.310363    0.713967    0.022279
    0.033173   -0.986743   -0.272488   -0.313534    0.583572    0.899456
    0.403471    0.685835    0.573920    0.413134   -0.600287    0.462954
    0.458594   -0.562757    0.166588    0.757621    0.957626   -0.294692
   -0.437968    0.756830   -0.504627   -0.354460    0.487951   -0.596322
    0.482036    0.542285   -0.479597    0.617260    0.058659    0.604821
   -0.584263   -0.271804   -0.170304    0.436642   -0.829459    0.570762
   -0.380654    0.750010    0.814211   -0.445086    0.315976    0.476402
   -0.168284   -0.730739    0.147632   -0.719109   -0.984336   -0.605407
   -0.008850    0.836908    0.767480    0.272579   -0.746848   -0.480905
    0.796774   -0.022090    0.763302    0.522200    0.245498   -0.793191
    0.014603   -0.079094   -0.292218    0.392458    0.889459    0.238786
   -0.458675   -0.132081    0.510945   -0.830643    0.016297    0.087378
    0.147040    0.359289    0.500872   -0.514496   -0.926520   -0.324512
   -0.253174    0.006961    0.290995   -0.575938    0.325597    0.268592
    0.181318    0.553033    0.414695   -0.241066   -0.220532   -0.483322
    0.013710    0.347671   -0.986348    0.292683   -0.838928    0.819134
    0.097929    0.408653    0.306612   -0.190008   -0.648546    0.304449
    0.707963    0.400990   -0.064770   -0.276692   -0.255575   -0.206125
    0.127282    0.864238    0.661967    0.355520   -0.712492   -0.753296
    0.664796   -0.005056    0.157657    0.272881    0.131886    0.182659
    0.756885   -0.115244   -0.489034   -0.160896   -0.196291   -0.237107
    0.184040    0.805352   -0.421379    0.009153   -0.940258    0.813819
   -0.850357    0.120809    0.039366    0.429174    0.606039    0.396803
    0.081476   -0.478635    0.426013    0.108212    0.136935    0.393060
   -0.000647   -0.411052    0.034100   -0.143260   -0.903935   -0.958464
    0.353406    0.103715    0.944748    0.433310   -0.064141    0.394825
    0.004857    0.820147    0.845573   -0.390500    0.822801    0.552650
    0.871023   -0.389283   -0.432970    0.917430   -0.412437   -0.216727
    0.696405   -0.792817   -0.003089    0.719866    0.464789   -0.244568
   -0.964265   -0.482268    0.034720   -0.322009    0.081720   -0.148639
    0.911421   -0.634602    0.587941    0.018059    0.002543   -0.795321
    0.322970    0.980517   -0.511368    0.510610    0.463026    0.915038
   -0.370919    0.551844   -0.820386    0.586280    0.692762    0.819636
   -0.117678    0.695981   -0.892127    0.895152   -0.957577    0.949389
   -0.117064    0.879168    0.073655   -0.501366   -0.053578   -0.846911
    0.079866    0.346958    0.103372    0.985201    0.424537    0.290361
    0.210465   -0.255053   -0.639402    0.347246   -0.326210   -0.214970
    0.098208   -0.409166    0.828256   -0.546789   -0.083877   -0.415651
    0.834388    0.242097   -0.085087    0.984146   -0.061324   -0.944798
    0.416834   -0.720630   -0.690173   -0.391137   -0.222574    0.692721
    0.539560    0.600830    0.194330   -0.215223    0.356109    0.085154
   -0.720846   -0.760813    0.166129   -0.962898   -0.973608    0.859965
    0.822910    0.087877   -0.923744   -0.086743   -0.455815    0.908635
   -0.197679    0.403213   -0.565345   -0.104666    0.661479    0.057743
    0.573512    0.193475    0.005368   -0.541905    0.354485    0.696284
    0.121975    0.613759    0.907910    0.081907    0.665959   -0.830354
    0.682237    0.431227   -0.330506   -0.739659   -0.039082   -0.470762
    0.863432    0.571469   -0.256533   -0.157349    0.877197   -0.156004
   -0.004695   -0.427848    0.549568   -0.631431    0.721855    0.110652
    0.888677    0.130695   -0.382905    0.816055   -0.082036    0.620461
    0.077329   -0.049289    0.185942    0.279937    0.113611    0.905560
    0.276193   -0.448970    0.873771    0.128701   -0.079208   -0.970506
    0.555406    0.469433   -0.500503   -0.267205   -0.857412    0.111166
    0.719746   -0.725082   -0.332637    0.963193    0.313491   -0.487132
   -0.773871   -0.149304    0.014760   -0.006991   -0.707753   -0.797598
    0.709025   -0.149141   -0.984804    0.009033   -0.939536    0.813968
    0.251946    0.237929    0.986386   -0.023698   -0.591307    0.407136
    0.454886    0.022426    0.688549   -0.255476   -0.347199   -0.305213
    0.998250   -0.190509    0.185423   -0.309808   -0.440398    0.021422
    0.309908   -0.551378    0.991154    0.590918   -0.473426   -0.348073
   -0.321632   -0.962818    0.588624    0.411447   -0.125337    0.000911
   -0.323151   -0.671467   -0.623962    0.346157   -0.008866    0.536122
    0.309755    0.696744   -0.392496    0.858713   -0.261667    0.669660
    0.209986    0.707056    0.106452    0.371188   -0.600422   -0.429351
    0.440795    0.192866   -0.664624    0.709320    0.535675    0.732327
   -0.106541   -0.058292    0.320621   -0.650533    0.094480    0.157479
   -0.106874   -0.068294    0.170109    0.989452   -0.894313    0.735996
   -0.402467    0.773548   -0.834024    0.901719    0.016073   -0.094389
    0.555014   -0.187314   -0.206142    0.061110   -0.304941    0.201552
    0.721050   -0.876202    0.338907   -0.059779   -0.080388    0.682647
   -0.131666    0.737789   -0.198384    0.746929    0.782747   -0.105793
   -0.663724    0.281855   -0.924236   -0.646739    0.707542   -0.087476
   -0.740116   -0.281882    0.916891    0.892162   -0.396845    0.516376
   -0.455568   -0.633067    0.954329    0.860461    0.200540    0.669276
    0.664962    0.473852   -0.303440    0.285912    0.662306   -0.025660
   -0.927234    0.422833   -0.474475    0.956131   -0.104467    0.347209
   -0.274879   -0.721103   -0.345358   -0.932937   -0.982536   -0.226479
    0.199604    0.993724   -0.759829   -0.038716    0.385002   -0.490742
   -0.175311    0.571385   -0.755540    0.444943    0.247351    0.834588
    0.380637    0.351648   -0.006714    0.698900    0.731058   -0.892095
   -0.795993    0.131608   -0.977093   -0.322052   -0.091952   -0.493707
   -0.615717   -0.364580    0.842990   -0.447862   -0.392843    0.196699
    0.275331   -0.008473   -0.783976   -0.054460   -0.402049    0.694573
    0.117183   -0.662964    0.998833    0.778989   -0.756176    0.552146
   -0.751880   -0.615967    0.165484    0.129164   -0.653764    0.759206
    0.868556    0.297140   -0.488047   -0.912794    0.881369    0.351945
   -0.883606    0.398111   -0.572962   -0.399700    0.168068    0.521083
   -0.889059   -0.697666    0.617654    0.768524   -0.651672    0.830623
   -0.477327   -0.084729   -0.520300   -0.530292    0.359358   -0.848874
    0.172605   -0.125916    0.849495   -0.257125    0.825585    0.274662
   -0.186334   -0.538699    0.273648   -0.980667    0.131435   -0.358441
    0.597958   -0.032629   -0.453308    0.048616   -0.487434   -0.687830
    0.667712   -0.350429   -0.886714   -0.881881   -0.995789    0.245622
    0.320202    0.428171    0.126026    0.983236    0.921927   -0.912170
    0.743083    0.742337   -0.063843   -0.983669   -0.290748    0.644164
    0.995596    0.810724    0.622208   -0.901259    0.586118   -0.131087
    0.034937    0.349128   -0.329945    0.323434    0.510932   -0.304194
   -0.745541   -0.986807   -0.766241   -0.114708   -0.831843   -0.436240
    0.712389    0.725928    0.939315    0.696415    0.086596   -0.599721
    0.632956    0.080597   -0.044111   -0.520652   -0.609580    0.964967
    0.319265    0.510364    0.735469    0.452194   -0.833543   -0.986576
    0.210279    0.225675   -0.580804   -0.883076    0.119967    0.264390
   -0.264544    0.439208    0.884039    0.971362    0.336581   -0.955396
   -0.548895    0.166875   -0.181430   -0.870613   -0.837601    0.026254
   -0.565960   -0.725235   -0.950533   -0.698672   -0.783041    0.364385
    0.013837   -0.098895    0.041633   -0.318682    0.068653    0.858572
    0.048151   -0.130546    0.394847   -0.518479   -0.759478   -0.956525
   -0.103884   -0.600467    0.431063    0.223196   -0.238443    0.722273
    0.382682   -0.410732   -0.410559   -0.881463   -0.887472   -0.626046
    0.949498   -0.810380    0.030960    0.928114    0.284195   -0.661271
    0.111134    0.978279    0.958268   -0.390447    0.442915   -0.111586
   -0.461224    0.721077    0.019610   -0.331446   -0.129435   -0.580894
    0.238925    0.657571    0.985905   -0.548672   -0.628355    0.592155
   -0.081832   -0.275250   -0.583169    0.032482    0.048880   -0.028596
   -0.472337    0.492946   -0.699522   -0.369754    0.306020    0.596705
    0.446698   -0.030403   -0.165885    0.779564    0.761105   -0.381516
    0.203618    0.884766   -0.639451   -0.406099   -0.601321    0.505656
   -0.699228    0.577906    0.279082   -0.017518    0.789198    0.990228
   -0.355712   -0.167631   -0.075573    0.107215   -0.854155   -0.416560
    0.383089   -0.061053   -0.366339    0.224334    0.491195    0.108579
   -0.512987   -0.392595   -0.157485   -0.610187    0.188157    0.661285
    0.890036    0.904280   -0.434368    0.972624   -0.650240    0.380379
   -0.037927   -0.175248    0.088174    0.926675    0.967478   -0.320672
    0.139195    0.478176   -0.024415    0.160890    0.715287   -0.559935
    0.993916    0.547969   -0.140357   -0.824283   -0.885797    0.851097
    0.886947   -0.937044    0.825450   -0.051092    0.651859    0.233908
    0.072780    0.516123   -0.928673    0.219704   -0.744873    0.316704
   -0.934518   -0.015548   -0.786288    0.738635   -0.155777    0.051053
    0.848860   -0.572247   -0.249747    0.650097    0.881795    0.954703
    0.443262    0.576962   -0.413145    0.208700    0.660406   -0.195565
   -0.223976   -0.885853   -0.241950    0.130476    0.253372    0.349992
   -0.871945   -0.208890   -0.824440   -0.416495    0.639204    0.811819
    0.988747    0.279445   -0.608655    0.383916   -0.261979   -0.792725
    0.928789   -0.736614   -0.328430   -0.937067   -0.376518   -0.107981
   -0.203185   -0.025520    0.066892    0.151687   -0.944044    0.503209
    0.567364   -0.659535   -0.919716    0.318657    0.007258    0.026290
   -0.110712    0.273690    0.395138   -0.291072   -0.888743    0.659708
   -0.126447   -0.743792   -0.979742    0.298706   -0.921048   -0.025013
    0.973614   -0.014264   -0.173313   -0.579453    0.363565   -0.599645
    0.616904    0.184734   -0.788671   -0.878535   -0.747922    0.429623
    0.407631   -0.878448   -0.405173    0.817024   -0.295382   -0.610195
   -0.253591    0.840798    0.865571    0.697623    0.028302   -0.053653
   -0.009892   -0.260101    0.197079   -0.036297    0.655962    0.926576
   -0.511972    0.375403    0.429560    0.604442   -0.354825    0.972315
    0.030017   -0.316396   -0.805813   -0.483244    0.476064    0.398453
   -0.493847   -0.881260    0.674104    0.098968   -0.736609    0.114812
    0.798466   -0.890063    0.931035   -0.794740   -0.251864    0.728485
   -0.174202    0.280323   -0.603790    0.746812   -0.280647    0.652795
    0.466403   -0.296676   -0.628161   -0.177475    0.926471    0.853888
    0.921498    0.439515    0.479766   -0.258586    0.476213   -0.444885
    0.016290   -0.790133    0.834530    0.944348   -0.248396    0.251565
   -0.736476   -0.823675    0.205133   -0.134411   -0.910745    0.174515
    0.104248   -0.325446    0.134754    0.034518    0.601928    0.149879
    0.347620    0.322655   -0.704493    0.409967   -0.619602    0.459711
    0.330033   -0.380491    0.932761    0.558037    0.448192   -0.080875
   -0.076073    0.870715    0.755855    0.061433    0.042370   -0.817704
    0.677221   -0.731427   -0.164333    0.339589   -0.300397   -0.480154
   -0.774876   -0.190894   -0.416772   -0.788023   -0.579454    0.290297
    0.442563   -0.588556    0.544814   -0.063716   -0.452994   -0.404310
   -0.841615    0.409875   -0.770005   -0.324234    0.489948   -0.822134
    0.403742   -0.975126   -0.415233    0.770210   -0.618824   -0.836571
    0.896498   -0.891869   -0.968840   -0.520254    0.447061   -0.619165
    0.905068   -0.210077   -0.468150   -0.331652    0.541112    0.282988
   -0.105364    0.005100    0.542449    0.242352    0.101407    0.856376
   -0.127823    0.142131    0.253863    0.609805    0.030897   -0.376578
    0.104078    0.474922    0.386145   -0.554021    0.126961    0.743908
    0.045998    0.579676    0.574886   -0.073502   -0.038221   -0.235059
   -0.925205    0.061667   -0.659095   -0.772382    0.730707   -0.580745
    0.976246   -0.453156   -0.287775    0.856126    0.399303    0.410058
   -0.141238   -0.464612    0.234504   -0.987742   -0.511067    0.233391
   -0.309212    0.237386    0.341170   -0.295078   -0.628611    0.794403
    0.002192   -0.925295    0.003117   -0.510318    0.791779   -0.223862
   -0.359447   -0.787535   -0.206053    0.345460    0.735305   -0.589518
    0.032321    0.300847   -0.369776    0.874059    0.368258   -0.719456
   -0.281422    0.742901    0.513039   -0.899949   -0.358309    0.906913
    0.037687   -0.671740    0.147568    0.205674   -0.156618    0.406123
   -0.804556    0.834415   -0.176789   -0.296754   -0.734645    0.516107
    0.174337   -0.230285   -0.928070   -0.800207   -0.526078    0.297109
   -0.921025   -0.554499    0.361528    0.531558    0.356474    0.271483
   -0.297824   -0.543465    0.743076    0.455834   -0.127426    0.001971
   -0.925485    0.234152   -0.154517    0.572566   -0.405324   -0.763816
    0.335441    0.906036    0.073458   -0.935594    0.053941   -0.941150
    0.501090   -0.172354   -0.630413   -0.949425   -0.959136    0.971171
    0.289926   -0.297429   -0.928271   -0.075553   -0.085735   -0.721850
    0.260132    0.874018    0.208260    0.791501   -0.153656    0.511386
   -0.138970   -0.995000   -0.615090   -0.295940    0.917079   -0.394237
   -0.954834   -0.198814   -0.438425   -0.934507   -0.089906   -0.176303
   -0.042358    0.596559   -0.459599    0.020613    0.842736   -0.594744
   -0.298476   -0.727165   -0.432166    0.230139    0.582656   -0.281399
   -0.425074    0.829464   -0.534169    0.120651   -0.800054    0.378227
    0.524832    0.207866    0.928037    0.001844    0.434838    0.225328
    0.373714    0.362689    0.028326   -0.941068   -0.243643   -0.251434
   -0.565050   -0.801502    0.736717    0.522281   -0.364884    0.521910
    0.986593   -0.301805    0.522338   -0.687629   -0.572029    0.431234
    0.016575    0.520028    0.646805   -0.417612    0.864000    0.617771
    0.948128   -0.563599    0.608694    0.550533    0.234822    0.920718
   -0.481202    0.418874   -0.904081    0.448093   -0.894030   -0.500840
   -0.388825    0.406392    0.681874    0.154009   -0.042470   -0.801196
    0.424984    0.662067   -0.722017    0.391744    0.505255    0.584330
    0.877586    0.962122   -0.007760    0.799025    0.289541    0.929496
    0.532356    0.325257    0.499299    0.934622   -0.879783   -0.107575
   -0.499835   -0.192134    0.304044    0.190045   -0.961471   -0.412657
    0.891566   -0.381930    0.021241    0.624041   -0.802159    0.585763
    0.688807   -0.861580   -0.277305    0.787720   -0.066870    0.353621
   -0.830931    0.082009   -0.971454   -0.825110    0.480394    0.282388
   -0.204964   -0.447249   -0.962928    0.316628   -0.897184   -0.495731
   -0.146667   -0.713494    0.785697    0.399435    0.176292    0.367874
   -0.601399   -0.498027   -0.532208   -0.672232    0.170194    0.999868
    0.533291   -0.457064   -0.492485    0.965012   -0.986624   -0.345399
   -0.189250   -0.725462    0.613549   -0.519462   -0.768760    0.779012
   -0.985625   -0.904180   -0.039636    0.540474    0.959614    0.921607
   -0.355793    0.939516   -0.874230    0.920049    0.475537    0.485688
   -0.708822   -0.701153    0.291689   -0.838808    0.868799    0.642707
    0.702326    0.669091   -0.497340    0.084190   -0.572946    0.993515
   -0.590538   -0.538077   -0.706090   -0.920122   -0.588225   -0.530230
   -0.820106   -0.011773   -0.215810    0.667143    0.554287   -0.494062
    0.445589   -0.592499   -0.435497   -0.891911    0.189782    0.521505
   -0.903021   -0.901044   -0.844616   -0.331616    0.286046   -0.269097
   -0.580292   -0.994618   -0.913681   -0.436137   -0.279322   -0.771889
   -0.944078   -0.689952   -0.331249    0.377805   -0.934833   -0.231298
    0.486589    0.788508   -0.855807   -0.563266    0.050640   -0.243763
   -0.624095    0.604031   -0.939144   -0.980942   -0.047972   -0.493040
    0.566631    0.797230    0.067341   -0.422057   -0.062031   -0.183495
   -0.222744    0.481270    0.431800    0.906230   -0.963025   -0.243469
    0.447125   -0.703129   -0.865744    0.010466    0.035865   -0.250726
   -0.797450   -0.264049    0.348870   -0.211004    0.447100   -0.221449
    0.427678    0.512663    0.179205    0.726758   -0.917021    0.500072
   -0.649685   -0.923892   -0.110067    0.180118   -0.206267   -0.071635
   -0.680999   -0.661789   -0.978845    0.394854    0.173825    0.453214
   -0.977904   -0.085035   -0.000598    0.214164    0.847423   -0.743110
    0.518283    0.084379   -0.239723   -0.716058   -0.179470    0.211358
   -0.606871    0.088288   -0.118571   -0.073376    0.611553    0.547106
   -0.150398    0.713362   -0.594141   -0.000899    0.578473    0.395301
   -0.329536   -0.091842   -0.937287    0.249242    0.714392    0.386304
   -0.125953    0.982998   -0.157250   -0.405179    0.840773   -0.362810
    0.911839    0.175173   -0.795532    0.143674    0.973737   -0.808313
   -0.711765   -0.568970    0.409711   -0.853238   -0.435080    0.395594
   -0.320021    0.594789    0.333778    0.865187   -0.005166   -0.183216
    0.322066   -0.344884    0.856252   -0.614437    0.590837    0.869066
   -0.463135   -0.821091    0.992211    0.792474   -0.359456   -0.942927
    0.974078   -0.805030    0.958078    0.719704    0.947948   -0.093681
    0.065188    0.067437   -0.923042    0.031087    0.470351    0.569541
    0.258598   -0.555311    0.463987    0.218064    0.550422   -0.781333
    0.657414   -0.914714    0.805286    0.076742   -0.991545   -0.016281
    0.661287    0.644261    0.628781   -0.038066    0.030096   -0.253075
    0.730668   -0.624694    0.054729    0.912131    0.465983    0.412802
    0.739376    0.375582   -0.279584    0.846025   -0.272332    0.567687
   -0.940757    0.569159   -0.507658    0.004994    0.583949   -0.313762
    0.312062    0.946694    0.780494   -0.598801   -0.836731   -0.402189
   -0.179321    0.087085    0.431108   -0.021104    0.825273   -0.239302
    0.924123    0.042232   -0.622992   -0.215742    0.187004    0.346565
    0.906814    0.755165    0.332260   -0.526792   -0.535956    0.759614
   -0.793819   -0.753064   -0.626749   -0.521517    0.982364   -0.370295
   -0.170650   -0.773165   -0.981394   -0.298961   -0.839400    0.504872
    0.725349    0.455633   -0.288715    0.711493   -0.872505   -0.658513
   -0.545571   -0.651517    0.485369    0.352609   -0.092237   -0.188654
   -0.078240   -0.292673   -0.816498   -0.742804    0.026472    0.228614
    0.537656    0.457770    0.240114   -0.690681    0.601671    0.924253
    0.104088   -0.317044   -0.258025   -0.048899   -0.490626    0.890054
    0.217851   -0.723853    0.390590    0.573239    0.324112    0.279261
    0.307192    0.420661    0.579461    0.663818    0.920824   -0.635318
    0.726719   -0.888699   -0.036891   -0.873631   -0.660513   -0.388621
    0.347227    0.426146    0.419979   -0.621228   -0.350812   -0.395474
   -0.426686    0.396257    0.356902   -0.070478   -0.814270   -0.788180
    0.221066   -0.042786    0.371831   -0.210148   -0.518060    0.172427
    0.705880    0.850163   -0.956094    0.975142    0.961902    0.693701
    0.184801   -0.835289   -0.643680    0.199644   -0.507913    0.435058
   -0.555480    0.340131    0.972028    0.088440   -0.957170    0.933711
    0.318562   -0.439033   -0.495438    0.399311   -0.312211   -0.678236
    0.401575    0.162546   -0.217388   -0.598659    0.236834    0.402763
    0.833306   -0.767509    0.342480    0.961541    0.355959   -0.237611
   -0.827372    0.909428   -0.771242    0.570864    0.174177   -0.626979
    0.734214    0.051995   -0.302058   -0.651991   -0.341207    0.366922
    0.826962   -0.843973   -0.427889    0.658599   -0.309444    0.005182
   -0.667215    0.828712    0.285227    0.905511   -0.592939   -0.544184
    0.618620   -0.452779   -0.253603    0.385415   -0.609986    0.107026
    0.420674   -0.906180    0.370957    0.643311    0.324477   -0.096979
   -0.055575   -0.929317    0.074251   -0.925244   -0.922842    0.170864
   -0.706951   -0.475895    0.671213    0.121084    0.816758    0.066128
    0.504123    0.486071   -0.814873   -0.119175   -0.776598    0.357617
    0.507178   -0.258081   -0.300505    0.674076    0.906403   -0.233210
    0.252114    0.998409   -0.923053   -0.433951   -0.451015   -0.902746
   -0.989242   -0.960757    0.112437   -0.371897    0.643291   -0.388381
   -0.847063    0.068093   -0.786027   -0.802812   -0.403850    0.321364
   -0.136717    0.719012    0.774229   -0.052248   -0.277326    0.305751
    0.852985   -0.902259    0.223410   -0.700134    0.117487   -0.929241
    0.483247   -0.579438   -0.661754   -0.100556    0.691075    0.516713
    0.074384   -0.747903    0.982271   -0.870109   -0.019042    0.710145
   -0.837117   -0.328824   -0.599964   -0.630587    0.270635   -0.893881
    0.036512   -0.988982   -0.100525   -0.030473    0.463109    0.373521
    0.858610   -0.363622   -0.709580   -0.048675   -0.888931   -0.875217
   -0.344155   -0.331562    0.829019   -0.486559   -0.393629    0.757900
   -0.809334    0.455387    0.213424   -0.384604   -0.783470   -0.368371
   -0.442722    0.875468   -0.181536   -0.745561   -0.938170   -0.832318
   -0.162631    0.769910   -0.328946   -0.222787   -0.645409    0.446094
    0.230570    0.041436   -0.788634   -0.092400    0.168251    0.917816
   -0.833754   -0.378039   -0.666330   -0.817851    0.020543   -0.564206
    0.855720   -0.958998    0.330141   -0.502468   -0.528609    0.766450
   -0.859625   -0.151179   -0.339173   -0.179883    0.176308   -0.266040
    0.004573    0.629799    0.387124    0.555085   -0.994760   -0.191912
    0.077594   -0.044134   -0.751072    0.986623   -0.411572    0.920808
   -0.669249    0.671587   -0.460337   -0.790832   -0.731324   -0.787425
    0.184369   -0.738359    0.191081    0.018870   -0.678546    0.309269
   -0.206522    0.126371   -0.137212    0.074240   -0.100251   -0.770630
   -0.189238    0.713305    0.677240    0.681971    0.783854    0.063900
   -0.891766   -0.606423    0.522728   -0.857907   -0.050166   -0.283588
   -0.341433    0.332071    0.123365   -0.864684   -0.847914    0.281385
    0.596478   -0.706682   -0.504154   -0.143383    0.135612   -0.793621
    0.231506   -0.566029   -0.210897   -0.686378    0.969659   -0.120070
    0.327730   -0.674545   -0.382615    0.115201   -0.576095    0.996505
   -0.338976   -0.230825   -0.255154   -0.861500   -0.631706    0.860542
   -0.666800   -0.681446   -0.319578    0.236613    0.768165   -0.646779
   -0.058083   -0.145013   -0.042723    0.593254    0.618720   -0.549135
    0.377676    0.260688    0.979310    0.847416    0.166616   -0.782195
   -0.769228   -0.447266    0.485789    0.022736   -0.797358   -0.720818
    0.262895    0.141274   -0.928427    0.790283   -0.769585    0.716957
   -0.969563   -0.446628    0.450915   -0.056882   -0.202764    0.174900
   -0.619633   -0.607454   -0.380789    0.758583    0.958680    0.408943
   -0.823245   -0.883134    0.589360    0.040003    0.770038    0.652425
    0.264804   -0.584962    0.181771   -0.747977   -0.695825    0.174597
    0.139296    0.748161   -0.200024    0.466201    0.879657    0.834967
    0.713743    0.783050   -0.169079    0.348352   -0.963218   -0.513994
   -0.097855   -0.098957    0.032216   -0.286817   -0.986166    0.400384
    0.620090    0.197945    0.770274    0.951259   -0.085584   -0.093108
   -0.665465   -0.210944   -0.355482   -0.484322    0.352667   -0.899897
   -0.335487    0.390839    0.365003    0.479933   -0.883721    0.127470
    0.762254    0.171524    0.749032   -0.422774   -0.914001    0.357809
   -0.668662   -0.062755    0.745158    0.970743   -0.190370    0.360237
    0.903772   -0.060883    0.607523   -0.918249    0.733929   -0.380443
    0.977082    0.900982   -0.392088   -0.167816   -0.603772    0.536183
    0.149098   -0.629285   -0.610786   -0.770934    0.166003    0.676057
    0.858077    0.340721    0.767551    0.704588    0.951671    0.566925
    0.451339   -0.361219   -0.814365   -0.742660   -0.503423   -0.797776
   -0.177619    0.032674   -0.467651   -0.468963    0.607955    0.509147
    0.382817    0.071723    0.430804   -0.334327   -0.207551    0.068945
   -0.529945   -0.329681    0.603195   -0.929738    0.228744   -0.719621
   -0.724978   -0.167382    0.403192    0.509614   -0.238376   -0.127775
    0.526699    0.666213   -0.587540    0.888940   -0.657853   -0.345631
   -0.915697   -0.210163   -0.793906    0.720784   -0.953341   -0.185417
   -0.830285   -0.382398   -0.983646    0.757411
