    0.605601    0.995588    0.824362   -0.357097    0.896716    0.049907
   -0.358550    0.563640   -0.561941    0.982935   -0.090387   -0.219975
    0.398666    0.929011    0.193834   -0.793979   -0.995117    0.011253
    0.086332   -0.793465    0.861118   -0.403876    0.505633    0.623239
   -0.102520   -0.086680   -0.239638   -0.170774   -0.672817    0.076592
   -0.925853    0.698586    0.531477   -0.039129    0.452922    0.847288
   -0.057408   -0.157388   -0.659808   -0.510944   -0.146095    0.037401
   -0.254927    0.525246   -0.326314   -0.021572   -0.336229   -0.162672
    0.401183    0.779524    0.246958    0.527855   -0.748522    0.683743
   -0.230143    0.097755   -0.125577    0.809536   -0.675857   -0.043684
    0.889125   -0.859427    0.993524   -0.232763   -0.098253    0.804418
   -0.544178   -0.452530   -0.417681   -0.733772    0.592247   -0.723570
   -0.113953   -0.032621    0.095997    0.551398    0.743984   -0.197316
    0.925333    0.830709   -0.159287    0.448027   -0.954790    0.164427
   -0.941320   -0.738773    0.910576   -0.922008   -0.304958    0.177096
   -0.856817    0.335033   -0.040457    0.943654    0.709418    0.918278
    0.408418   -0.422620    0.055589   -0.809542   -0.063896    0.022272
   -0.791720   -0.007701   -0.532505   -0.745153   -0.472280   -0.657137
   -0.712572    0.405099    0.538328   -0.239107   -0.688319   -0.359239
   -0.410267    0.317621    0.400862    0.613245   -0.109851   -0.409699
   -0.403264   -0.360114    0.127341   -0.226075   -0.870576   -0.120528
    0.091420    0.890607   -0.188084   -0.173804    0.907090   -0.025400
    0.612539   -0.258460   -0.733597   -0.239955   -0.354370    0.997204
    0.864140   -0.687025   -0.210430   -0.649327   -0.454022    0.073798
    0.106457   -0.977752   -0.090619   -0.469550    0.083078    0.866546
    0.973274   -0.962309    0.063559    0.424473    0.467240   -0.212199
    0.585153   -0.964130   -0.677404    0.521045    0.078514    0.008098
   -0.390428    0.488887    0.272023    0.354221    0.870255    0.886141
    0.374816    0.587774   -0.408488    0.789415    0.262239    0.652463
   -0.010618   -0.597077    0.937834   -0.305155   -0.259707    0.639581
   -0.219734    0.322015   -0.874743    0.228299   -0.851456   -0.529261
    0.983823   -0.746972   -0.595955   -0.261809    0.702039    0.327969
    0.903466   -0.992292   -0.856452    0.305695   -0.140498    0.255274
    0.439999   -0.438214   -0.262255   -0.429425   -0.941115   -0.934372
   -0.782493    0.900287   -0.699915   -0.598012    0.627757    0.315640
    0.763230    0.487994   -0.858381    0.958436    0.057247    0.855586
   -0.178479   -0.787494   -0.440459   -0.791867    0.351225    0.671123
   -0.000322   -0.513103   -0.157658   -0.107055    0.074251    0.903349
    0.091497    0.974295   -0.821954    0.501767   -0.448593    0.906784
    0.324936    0.853413   -0.796004    0.073497   -0.782579    0.670870
    0.864472   -0.323202    0.327747    0.230696   -0.798250   -0.134957
   -0.002181   -0.075563   -0.195362   -0.334745    0.073577   -0.059009
   -0.882164    0.564933    0.134048    0.712307   -0.771855   -0.491079
    0.373524    0.562747   -0.374140   -0.772439   -0.967757   -0.909340
    0.892245    0.713897    0.901847   -0.666418   -0.974551   -0.215175
   -0.802787    0.218806    0.432352   -0.515085    0.987370   -0.692562
   -0.851222   -0.039990    0.402393   -0.813946   -0.636220    0.647079
   -0.697828   -0.640715   -0.661062    0.641471    0.530427   -0.748352
   -0.343853    0.752339   -0.109644    0.080263   -0.430720   -0.475403
   -0.510838   -0.187539   -0.518138    0.028042    0.126286    0.475779
    0.826930    0.541245   -0.459087    0.288983   -0.569028    0.766325
    0.702317   -0.813556    0.403704   -0.880938    0.975365   -0.327258
    0.541864   -0.718061   -0.632206    0.457542    0.889191    0.612972
    0.690359    0.534280   -0.228963    0.921402   -0.666747   -0.958502
   -0.180763   -0.710189    0.257614   -0.778656   -0.171821    0.375048
   -0.620668    0.326299   -0.050196   -0.098414   -0.942832    0.620679
    0.592747   -0.877280   -0.657879   -0.533396   -0.493000    0.085472
    0.316956    0.078118    0.506649    0.759741   -0.836525   -0.540885
   -0.598331   -0.360936   -0.784129   -0.203714   -0.573020    0.788971
   -0.677813   -0.043442    0.236193   -0.420355   -0.185957    0.537820
    0.774431    0.229141    0.420524   -0.893694    0.008429    0.711010
   -0.051554   -0.135628    0.150423    0.244082    0.135213    0.057279
   -0.286251   -0.490379    0.708652    0.971916    0.639103   -0.913953
   -0.687189    0.955975   -0.738461   -0.186884   -0.658711    0.307492
    0.115875   -0.721271    0.456080   -0.696112    0.189818   -0.781570
   -0.768545   -0.166849   -0.140594   -0.981051    0.156930    0.259368
   -0.592043    0.090267    0.665936   -0.109038   -0.814149   -0.201864
   -0.130177   -0.191275   -0.071964   -0.350003    0.365685    0.268844
   -0.710540    0.902158    0.522647   -0.313384   -0.426842   -0.214373
    0.044098   -0.566163    0.007551   -0.933420   -0.436007   -0.462766
    0.260366   -0.991298    0.285796    0.810222    0.097028    0.931686
    0.037624    0.972759   -0.509392    0.097777   -0.720915    0.862348
    0.162337   -0.555826   -0.136999    0.617431   -0.557812    0.911823
   -0.739114   -0.710554    0.399734    0.116131    0.683769    0.832116
   -0.754582   -0.620982    0.934051    0.535316   -0.395813   -0.026586
   -0.485211   -0.517601   -0.850547   -0.436972   -0.253499    0.950300
    0.472670    0.517209   -0.600684   -0.354451    0.018352    0.282853
   -0.292443    0.831133    0.876291    0.072880    0.697016   -0.617723
    0.203796    0.333461   -0.858970   -0.914387    0.328196   -0.279291
   -0.784315   -0.151954    0.970871   -0.448256   -0.154294   -0.347949
    0.033800   -0.317085   -0.811923   -0.905172    0.906132    0.387631
   -0.817493    0.037749   -0.725615   -0.848805   -0.143453   -0.611140
    0.912432    0.238485   -0.892163    0.617816    0.517687    0.792102
    0.442649    0.629552   -0.231820    0.169248    0.191732    0.272279
    0.543888    0.197269   -0.467590    0.002397   -0.947630   -0.662419
   -0.160833   -0.248761    0.126554   -0.085735    0.176493    0.318436
    0.980759   -0.123904   -0.832686    0.816304   -0.981390    0.400418
   -0.493596    0.377876    0.184528    0.614718    0.373919   -0.319932
   -0.041293   -0.436405   -0.786578   -0.203581    0.802036   -0.108319
    0.322742    0.452101   -0.500807   -0.758039    0.388206   -0.785695
    0.597225   -0.712896    0.515979   -0.350814    0.314321   -0.877783
    0.589506    0.910765   -0.975522    0.842725   -0.523887    0.010887
   -0.367854   -0.307623    0.627081   -0.578310    0.700956   -0.916335
    0.690139    0.985786   -0.786547   -0.511588    0.716805   -0.623167
   -0.653258   -0.744681   -0.939118    0.646272    0.735117    0.539100
   -0.606069    0.672158    0.815282   -0.006148    0.162687    0.763140
    0.636147   -0.165356    0.719718    0.331795    0.852226   -0.369704
   -0.803603   -0.697123    0.686984   -0.739466    0.069094   -0.877333
    0.833293    0.065908    0.893395    0.499337    0.426868    0.555777
   -0.320717   -0.158193    0.930237   -0.714036    0.310414   -0.311195
    0.649830    0.047839    0.831563   -0.391897   -0.348088   -0.364337
    0.777203    0.600950    0.678101   -0.161761    0.736420   -0.711816
   -0.249322    0.434647    0.294076    0.227251   -0.625109   -0.932289
    0.671849    0.167187    0.486352   -0.824941   -0.582313   -0.989374
    0.685056   -0.008021    0.784433    0.353613    0.043179    0.120665
    0.111317    0.211283   -0.308725    0.313167   -0.193484    0.917587
   -0.962814    0.947890   -0.149417   -0.678169   -0.188353   -0.282238
   -0.061904    0.274876   -0.675435    0.044949   -0.646771    0.216722
    0.859891    0.925904   -0.770699    0.201108    0.044353   -0.840139
   -0.453563    0.499453   -0.965724    0.582548    0.223277   -0.325517
    0.653173   -0.316717    0.872648   -0.108635   -0.819751    0.331756
    0.674314   -0.163526    0.876549   -0.534349   -0.784620   -0.183703
   -0.947732   -0.340757   -0.144695   -0.887563    0.399468    0.770075
    0.253955   -0.153219   -0.127505    0.257012    0.350131   -0.833858
    0.227024   -0.514904    0.117601    0.390626   -0.731250    0.079441
   -0.318609   -0.320064   -0.013353   -0.948112   -0.828279   -0.662963
   -0.807716    0.462520    0.205899    0.954368   -0.506847   -0.117575
   -0.895715    0.443919    0.284578   -0.383781   -0.692787   -0.709325
    0.131794   -0.871306    0.813889   -0.558183    0.863356   -0.723974
    0.218557   -0.646765    0.657579    0.452489    0.928499    0.999179
   -0.338893   -0.712136    0.408515   -0.861482    0.053037   -0.670665
   -0.411457    0.142591   -0.830469   -0.564671   -0.941055    0.765801
   -0.482310   -0.119030   -0.992392   -0.490989    0.889976   -0.337949
   -0.105614    0.861135   -0.216674   -0.751443    0.792847    0.849011
    0.093633    0.156412    0.972985    0.143833   -0.022388   -0.551319
   -0.425155   -0.065424   -0.273640    0.266592    0.086346    0.630156
   -0.283170   -0.390192   -0.677039    0.789335   -0.075645   -0.860849
   -0.906784    0.018701   -0.463251   -0.471987   -0.899260    0.447775
    0.252800   -0.298659   -0.131427   -0.503332   -0.429055    0.446563
    0.609550   -0.688980   -0.577566   -0.358415   -0.678476    0.957811
   -0.927763    0.302681   -0.222074    0.149525   -0.755202   -0.544189
    0.968408    0.419700   -0.981320    0.144949   -0.603040   -0.072261
    0.030669   -0.546180    0.936873    0.486781    0.370655    0.734654
   -0.070622    0.213046   -0.252169   -0.711168    0.760899   -0.432568
   -0.309085   -0.252217    0.874564    0.544234    0.962242   -0.377953
    0.583355   -0.457158   -0.575387   -0.258105   -0.418825   -0.604293
   -0.702205    0.728790    0.877299   -0.870461   -0.034882   -0.360016
   -0.066744    0.576311   -0.253492   -0.206363   -0.223684   -0.450746
    0.120954    0.900028   -0.507782    0.445541   -0.671210   -0.882961
   -0.510875   -0.423048    0.370685   -0.986480    0.540616   -0.863219
    0.471262   -0.704804    0.104264   -0.084980   -0.478675   -0.050917
    0.910692   -0.118717    0.633520    0.973860   -0.171271   -0.056990
    0.714004   -0.221369   -0.076175   -0.247602    0.837961   -0.649313
   -0.719718    0.616742    0.162112    0.703227   -0.219922   -0.860600
   -0.071088   -0.650894    0.973502    0.952670   -0.914710   -0.428516
    0.251893    0.322798    0.765111   -0.473429   -0.452180   -0.214643
    0.974317    0.905755   -0.946232    0.353383    0.309104    0.897841
   -0.061258    0.024707    0.647563    0.348555   -0.981818    0.640897
   -0.939502   -0.467806   -0.720470   -0.981720   -0.953137   -0.664390
    0.636898   -0.128139    0.166946    0.290860   -0.176440   -0.553559
    0.723095   -0.439811   -0.394061    0.483601   -0.224039   -0.394385
    0.033560    0.449175    0.427856   -0.419245   -0.786640    0.235622
   -0.503860   -0.737939   -0.506877    0.672082   -0.284037   -0.395822
   -0.787779    0.170041   -0.335885   -0.399026    0.428207   -0.958073
    0.221442   -0.638759   -0.390838    0.076488    0.242073    0.954076
    0.809937    0.807388    0.541876   -0.679140   -0.872381   -0.441523
    0.814190   -0.300826   -0.883993   -0.303938    0.967921    0.300156
    0.471419   -0.991482   -0.067296   -0.638880    0.527128    0.879338
    0.419134    0.202410   -0.905000   -0.964998   -0.459867    0.186476
   -0.331169   -0.677827    0.466742    0.943876   -0.858110   -0.303856
   -0.234276    0.960833   -0.583452   -0.805732    0.931451    0.902399
    0.295938    0.673333    0.615375    0.379600    0.478392   -0.464326
    0.586769    0.924428   -0.258591    0.302080   -0.092515   -0.753860
    0.269470    0.658296    0.694758    0.471202    0.317176   -0.873719
   -0.729496   -0.532915    0.488165    0.175725    0.260246    0.794293
    0.944488    0.105554   -0.185352   -0.393276    0.699212   -0.308479
   -0.603805   -0.751839   -0.765520    0.276589
