   -0.540334   -0.045295    0.774498   -0.615528    0.941404   -0.119279
   -0.691866   -0.915514   -0.232430    0.578912    0.452829    0.204712
    0.174793    0.672140    0.483836    0.157597    0.897451    0.039300
   -0.782480    0.562050   -0.119657    0.960393    0.271203   -0.094670
   -0.087494   -0.230104   -0.302512   -0.054634    0.360214   -0.762479
    0.624309   -0.815682   -0.284498    0.983843   -0.767953   -0.807064
    0.612381    0.947529   -0.935921   -0.759986   -0.579078   -0.410002
    0.923568   -0.029381    0.702727   -0.432568   -0.155424    0.147398
   -0.331923   -0.439886    0.909903   -0.980116    0.876691   -0.675068
   -0.144589   -0.502500    0.179670    0.141861   -0.527202   -0.103982
    0.080618    0.322229    0.945180    0.773801   -0.317204    0.575695
   -0.101349   -0.580334    0.413813    0.453872    0.213157    0.417930
    0.948510    0.498507   -0.666976   -0.685561   -0.845111   -0.302828
   -0.675338    0.430008    0.746644   -0.966817   -0.809846    0.628616
   -0.146324   -0.459654   -0.175654    0.395079   -0.989681    0.710454
    0.671600    0.491369   -0.197975   -0.915169    0.489205    0.164641
    0.330066   -0.240529   -0.731199   -0.366081    0.087201    0.985039
    0.647871    0.677807   -0.904609    0.707021    0.114195   -0.055820
    0.585517    0.378140   -0.884414    0.990539   -0.713772    0.490483
    0.784346   -0.347889    0.646131    0.646427   -0.770358   -0.910463
   -0.783141    0.249332    0.497141   -0.613838    0.829392    0.532876
    0.096407    0.478471    0.176109   -0.120627    0.963018    0.211230
   -0.656575    0.832774    0.666814   -0.542269    0.338323    0.624367
   -0.743856    0.001819    0.230516   -0.085944    0.628332    0.758795
    0.762960    0.361436    0.826623   -0.809296    0.117923    0.187904
    0.661195   -0.446610    0.777110   -0.505479    0.318565    0.595156
   -0.487210    0.628334    0.753614    0.502049    0.987704   -0.248867
    0.870814    0.229053   -0.611585   -0.763010    0.242313   -0.350091
    0.514831    0.047116   -0.312511    0.880085    0.289002   -0.393210
    0.792933    0.523362    0.076450   -0.225976   -0.534437    0.611704
   -0.256278    0.026767   -0.070214   -0.298458    0.925689   -0.561693
    0.279032    0.275076   -0.944783    0.792339   -0.009097   -0.607764
    0.012551   -0.591583   -0.929454    0.189361   -0.471082   -0.621007
   -0.649323    0.971237   -0.397549    0.084941   -0.502467   -0.609364
    0.289081    0.558269   -0.996613   -0.719310   -0.577181    0.493935
   -0.070403   -0.351948   -0.172210   -0.333231   -0.244489    0.645177
   -0.185670   -0.428244   -0.455541   -0.205960   -0.505347    0.245742
   -0.674492   -0.515712    0.059879   -0.853907   -0.169290    0.384974
   -0.613406    0.802657   -0.763647    0.881724    0.776137   -0.852249
   -0.848627    0.696082    0.308753   -0.315778    0.898174    0.504093
   -0.487430   -0.838465    0.385174   -0.712037   -0.343955    0.656600
   -0.447022   -0.510105   -0.461434   -0.943420    0.016876    0.409421
   -0.431511    0.324778    0.900548   -0.295535   -0.923393    0.638840
   -0.854287    0.539177   -0.423514    0.835529    0.819041    0.602653
   -0.795092    0.746906    0.910769    0.894934    0.730678    0.706267
   -0.354517   -0.680868   -0.998003   -0.160587   -0.377594   -0.990053
   -0.110775   -0.588785    0.471153    0.702145   -0.874246   -0.917175
    0.679911   -0.758593   -0.271342    0.275166    0.778769   -0.466911
   -0.011763   -0.236012    0.867173    0.291489   -0.311113   -0.717046
    0.620262   -0.247079    0.121650    0.563875    0.321305   -0.052420
    0.986595    0.522268    0.376273    0.801850   -0.064090    0.865819
   -0.440117    0.921370    0.029758   -0.272727    0.735719    0.351685
   -0.427780    0.030970    0.546374   -0.570228    0.856337    0.079765
    0.458388    0.454281   -0.335122    0.097764   -0.958481    0.975624
    0.932262   -0.491274    0.911936   -0.414628    0.951414   -0.269564
   -0.677857    0.075465    0.185414   -0.542911    0.815462   -0.243993
    0.277974    0.551280    0.177696    0.068830   -0.934798   -0.320788
   -0.417808   -0.076043    0.593715    0.413323   -0.520418    0.354396
   -0.300185    0.319763   -0.815373   -0.764799   -0.372552    0.021332
   -0.839290    0.650632    0.432821   -0.792849    0.000812    0.795007
    0.749372   -0.785090    0.371544   -0.898319   -0.556980   -0.615454
   -0.003146    0.035356    0.580749    0.208900    0.652028    0.921169
   -0.176023    0.966697    0.461298    0.168889    0.268257   -0.990324
    0.370068    0.724226    0.991455   -0.542352   -0.422857   -0.255419
   -0.105827   -0.229792    0.408177   -0.957264    0.539901    0.279163
   -0.029036    0.360971   -0.704963   -0.670215    0.152640    0.907573
   -0.646065    0.356787   -0.919338   -0.389471    0.552539    0.262957
    0.536789    0.965934   -0.222679    0.408225    0.545308   -0.074809
    0.787787   -0.041688   -0.582492    0.994305    0.516153   -0.721098
    0.586117   -0.847651    0.573028   -0.174431   -0.411687    0.550715
    0.380951   -0.867342    0.902055   -0.165081    0.396390   -0.017793
   -0.540471   -0.412909    0.276198    0.641560   -0.774350    0.162518
    0.758854   -0.769602    0.490993    0.371335   -0.748544    0.408796
   -0.913476    0.850857    0.043902    0.801345   -0.423739    0.013454
   -0.572929    0.232187    0.834122    0.848219    0.989968    0.666168
    0.225289    0.076554    0.993889    0.623205   -0.531935   -0.401408
    0.432388    0.641558   -0.271353    0.318754    0.230224    0.996652
    0.536996    0.779080   -0.061547   -0.597426   -0.114924   -0.034723
    0.874653   -0.806200   -0.387711    0.327118    0.323570   -0.795197
   -0.856052    0.633340   -0.376338   -0.165859    0.315063   -0.605878
   -0.042739   -0.596294    0.901087   -0.507495   -0.795767   -0.681220
   -0.203343    0.170279    0.255357   -0.809476    0.227434   -0.576367
    0.910609   -0.803693   -0.044566   -0.662080   -0.793231    0.694420
    0.260460   -0.130126   -0.269165   -0.426139   -0.213455   -0.271108
    0.797632    0.491022   -0.527432    0.367546    0.605517    0.555852
    0.396446    0.327965   -0.236690   -0.273016    0.980403    0.097969
   -0.438365    0.201933    0.103419    0.226942    0.624491    0.495263
   -0.729663   -0.372692   -0.571262   -0.398569    0.652078    0.380925
    0.081750   -0.836962    0.448171   -0.977677   -0.627895    0.749525
    0.492278    0.101451   -0.364335   -0.911593   -0.783954   -0.185070
    0.608361    0.350346   -0.163921    0.140501    0.448432    0.829663
    0.920585   -0.480453   -0.848654    0.233690   -0.873751    0.289227
   -0.241435   -0.258983   -0.611053    0.323343   -0.724703    0.420927
   -0.986533   -0.855429    0.844722    0.000111    0.012411   -0.279567
    0.336791    0.491719    0.725606   -0.184337   -0.123312    0.939265
    0.360183    0.942647   -0.083769    0.893171   -0.124942   -0.707402
   -0.704329   -0.172282    0.577910    0.506200   -0.634253   -0.866370
    0.459519   -0.240834   -0.603846   -0.756383    0.715725   -0.361047
   -0.585142    0.156288    0.576750    0.703126   -0.981941    0.239152
    0.448652    0.187384    0.377045   -0.719342   -0.809398   -0.184759
    0.210115   -0.864134    0.410047   -0.785668    0.718878    0.384853
    0.199084   -0.013325    0.237822    0.229718    0.496330   -0.218641
   -0.570696   -0.009871   -0.136710    0.265432   -0.795298   -0.738618
   -0.945371    0.722402    0.508340    0.741392    0.027009   -0.513896
    0.610919    0.462164   -0.019604    0.685958    0.867634   -0.065349
   -0.686492   -0.250035   -0.012009    0.453261   -0.635029   -0.697572
   -0.942534   -0.457826   -0.590065    0.511221    0.914896    0.312923
   -0.315264    0.342993    0.100557    0.613107   -0.621595   -0.855476
   -0.026480   -0.081393   -0.495281   -0.294005    0.176164   -0.941190
   -0.177713    0.010629    0.453976    0.542751    0.702985    0.225163
   -0.845832   -0.996641    0.336267   -0.493237    0.501525    0.512309
    0.381340    0.541808    0.827205    0.565943   -0.939498   -0.945235
    0.521857    0.874585   -0.418352   -0.187211    0.350660    0.118243
    0.818032   -0.446780   -0.013384    0.987255    0.652204   -0.932274
   -0.350179    0.867929   -0.247583    0.824039   -0.177216    0.164487
    0.220284    0.608525    0.026250   -0.855338    0.289207    0.651180
   -0.021708    0.615573   -0.259566   -0.533760   -0.797263   -0.052449
   -0.299805   -0.372064   -0.626474   -0.793084    0.765258    0.185765
    0.489181    0.242174    0.677176    0.916906   -0.853979    0.528824
   -0.599006    0.765356   -0.210215    0.638271    0.488610   -0.809498
    0.405730    0.409219    0.404976    0.849153   -0.792114   -0.517253
    0.231001   -0.537995    0.859287   -0.301251    0.862901    0.989436
   -0.777115   -0.821856    0.786312    0.418971   -0.532857   -0.730269
   -0.022873    0.461922   -0.699523   -0.954780   -0.133711    0.840739
   -0.895941   -0.385605    0.047921   -0.422180    0.817721   -0.482720
    0.051367    0.620045    0.878840   -0.381844   -0.219553   -0.140575
   -0.889759   -0.119869    0.796325    0.607013    0.513037   -0.367087
   -0.535575    0.401326   -0.496527   -0.482752   -0.208702   -0.521393
    0.264397    0.419019   -0.572323    0.190796   -0.552854   -0.526966
   -0.837735   -0.438224   -0.046305    0.288968   -0.800246   -0.759700
    0.861925   -0.898221    0.291002    0.775681   -0.367438   -0.729334
    0.765801    0.643247   -0.813396    0.766189   -0.416392    0.339532
   -0.392618   -0.220087   -0.287305   -0.275863   -0.751102   -0.408777
   -0.401964   -0.410168   -0.183761   -0.340284   -0.893323    0.361410
    0.313136    0.231688   -0.977216   -0.915818    0.225142    0.139252
   -0.875635   -0.591892    0.934638    0.169868    0.488430    0.102858
    0.295854   -0.330683    0.652006    0.701883    0.495276   -0.787120
   -0.555091   -0.791177   -0.994817    0.494661   -0.228529   -0.844304
    0.169059   -0.910867   -0.420156    0.905656    0.947641   -0.888467
   -0.736789   -0.329504   -0.591990    0.549028   -0.631942   -0.225102
   -0.723477    0.666841    0.868696   -0.646110    0.745164    0.334579
    0.898338    0.883533    0.642423   -0.246861   -0.459265   -0.860661
    0.340727   -0.353061    0.821319   -0.857109    0.394677   -0.839218
   -0.518765   -0.579303    0.960101    0.342081    0.064509   -0.758411
    0.372584    0.013115   -0.428345   -0.876694   -0.438942   -0.115919
    0.025673   -0.303106    0.129184   -0.218618   -0.459566    0.013122
    0.248696   -0.543994   -0.615969   -0.361208   -0.739975    0.730513
   -0.549550    0.817303    0.359281   -0.152975    0.377262   -0.452377
   -0.928768   -0.493793   -0.588623   -0.600968   -0.209333    0.121624
    0.825750   -0.698404    0.514265   -0.162669    0.888138   -0.227782
    0.368455   -0.938756   -0.693653    0.186167   -0.626668   -0.671067
    0.902360    0.602034   -0.715132    0.146713   -0.770412   -0.216861
    0.122551   -0.400351    0.349914    0.598625   -0.001727    0.058021
   -0.887933   -0.541595    0.238973   -0.580234   -0.508156    0.480726
    0.880421   -0.765764    0.010789   -0.754879    0.761146   -0.542217
    0.698449   -0.466883   -0.432779    0.526297    0.860443   -0.358311
    0.550947    0.466441    0.697115   -0.531591   -0.354682   -0.122909
   -0.314203    0.056317    0.614279   -0.253760   -0.238271    0.494618
   -0.018812    0.419185    0.290522    0.153160   -0.195540   -0.146356
    0.299353    0.473225    0.420564    0.584087   -0.894568    0.458779
    0.256107   -0.293443   -0.615184    0.252559    0.226140   -0.670037
    0.137988   -0.874459    0.906742   -0.242944    0.309568   -0.268558
   -0.405508   -0.911246   -0.336852    0.102831   -0.670533    0.480634
   -0.892626    0.790274   -0.621078    0.323171    0.068358   -0.698146
    0.045193    0.610741    0.796300   -0.532791   -0.199336    0.186304
    0.573678    0.969087    0.680423   -0.063019   -0.930949    0.581599
   -0.777253    0.064138   -0.063648   -0.338873   -0.715864   -0.651359
    0.071242   -0.091839   -0.481993   -0.189440   -0.453470   -0.484445
   -0.987959    0.171076   -0.197863   -0.681372    0.959317   -0.273381
   -0.771856    0.298359   -0.945968    0.873687    0.048564   -0.072661
   -0.049059    0.120002    0.635189    0.334791    0.175840    0.262347
   -0.896350    0.835431    0.646915   -0.443552    0.517818    0.631699
    0.800051   -0.766314    0.176136    0.356055    0.416294   -0.834225
    0.474970    0.099579    0.666036   -0.344012   -0.135463   -0.851177
   -0.528373    0.029313    0.856933   -0.008972   -0.898412    0.894266
   -0.292181    0.184186    0.038244   -0.144514    0.968404   -0.843260
   -0.260259    0.566544    0.824637   -0.955815   -0.647698    0.373482
   -0.317966   -0.580266   -0.236354   -0.595691   -0.764804    0.763349
   -0.875689   -0.632790   -0.748937   -0.822894    0.799037    0.379574
   -0.366683   -0.902728    0.239094    0.989933    0.248477    0.329497
   -0.958907    0.040914   -0.274349    0.843320    0.318280   -0.219520
   -0.643745    0.086487    0.264019   -0.293153   -0.743015   -0.737494
    0.550801   -0.271270    0.505861    0.962478    0.678881    0.675154
   -0.674812   -0.497890   -0.661871    0.907125    0.345094   -0.519079
    0.342100   -0.200424    0.708147   -0.624946   -0.957726    0.649584
   -0.901375    0.979883    0.074688    0.677174    0.681696   -0.795759
    0.075859    0.297801   -0.708946    0.274306   -0.040461    0.242296
   -0.699716   -0.658743   -0.351845    0.295572    0.049453    0.948185
    0.306657    0.278568   -0.478141   -0.733684    0.854030   -0.117674
    0.680790    0.643864    0.979018   -0.940413   -0.842792    0.946708
    0.521380    0.171755    0.734956   -0.523432    0.721880    0.347741
    0.159976   -0.146305    0.100051    0.673906   -0.924003    0.705379
    0.923211    0.898971    0.435211    0.366294   -0.741039   -0.821073
    0.426408   -0.047320    0.396196    0.290906    0.571346    0.819238
    0.350747   -0.610548    0.921359    0.663116    0.104612    0.002835
   -0.764573   -0.485821    0.202226   -0.710750    0.682897   -0.642536
   -0.673034   -0.989353    0.639006   -0.548264    0.912312   -0.535818
    0.034649    0.501097   -0.837162   -0.174037   -0.202776    0.028929
    0.832234    0.683883    0.238217   -0.636601    0.391212    0.187862
    0.106114   -0.326931    0.322320    0.055107    0.888265    0.728725
    0.072396    0.230271   -0.251833   -0.791023   -0.948343   -0.392157
    0.745335   -0.143301    0.504946   -0.394959    0.330040   -0.957189
   -0.226893   -0.236125    0.087946   -0.805242    0.134549   -0.369014
   -0.937160    0.238275   -0.031913   -0.786321   -0.214271    0.164620
   -0.418119    0.539336    0.415007   -0.594831    0.457528   -0.023524
   -0.908523    0.975552    0.281382    0.770530   -0.214779    0.163784
    0.880713    0.617397    0.008219   -0.302325   -0.538226    0.268780
    0.283952    0.299130    0.657390    0.929642    0.709703   -0.538368
   -0.330130    0.295445   -0.967636    0.603906    0.345288    0.897523
    0.266489    0.943630   -0.148881    0.152002    0.962743   -0.549274
   -0.712012    0.852049   -0.519770    0.147974    0.701791    0.117564
    0.478931    0.860923   -0.906174   -0.848555    0.512023    0.961165
    0.233742   -0.940858   -0.600177   -0.212387    0.338067   -0.805635
   -0.967932   -0.838929    0.224945    0.420128    0.906173   -0.314890
    0.097895   -0.060548   -0.584702    0.882995   -0.583408   -0.603698
   -0.047381   -0.240989    0.233062   -0.054792   -0.892175    0.525882
   -0.556862    0.678913    0.529916    0.933167   -0.132523   -0.292984
    0.802784   -0.464957    0.845079   -0.744625    0.497389   -0.811751
    0.884130    0.985089   -0.824270    0.713211   -0.590340    0.688316
   -0.947863   -0.419018   -0.631891   -0.102737    0.899240   -0.482865
    0.730686   -0.517608   -0.803439    0.246669   -0.391583    0.493128
   -0.928844   -0.070984    0.631780    0.374516   -0.905060    0.053098
    0.047465    0.931457    0.632360    0.597189    0.799878    0.069381
   -0.703707   -0.468714   -0.189134   -0.556258    0.596045   -0.686303
    0.641062    0.788978    0.247664   -0.239753    0.923208   -0.859049
   -0.747912    0.387057    0.321639   -0.166050   -0.194405    0.879950
    0.480231    0.673813    0.682701   -0.532983    0.974452   -0.648180
    0.356735    0.256682   -0.497951   -0.096435    0.069851    0.640273
    0.260638   -0.944301   -0.027019    0.428848    0.511378    0.842783
    0.075470    0.901650   -0.376213   -0.654232   -0.049183   -0.174251
   -0.767018    0.834518   -0.085132   -0.963831   -0.799969   -0.443308
   -0.650023    0.365651   -0.289833   -0.542062    0.814838   -0.356359
    0.320233    0.043824    0.417308   -0.014709   -0.058616   -0.865306
   -0.780166    0.054715    0.740690    0.955017    0.968143    0.585436
   -0.209069    0.124056    0.774046    0.366848   -0.858953    0.257608
    0.266930   -0.203173    0.633470   -0.070961   -0.784510    0.870508
    0.329330   -0.708801   -0.762567    0.367641   -0.748445   -0.753912
   -0.193105    0.688420   -0.894676    0.919907    0.161465   -0.267950
   -0.214630    0.011579    0.356291    0.308199    0.420463   -0.647245
    0.347628    0.301372    0.601397   -0.296406    0.505478    0.941403
   -0.905581    0.077224   -0.335335   -0.866040   -0.690037   -0.486839
    0.354293    0.636615   -0.210075   -0.026842    0.337949   -0.962541
   -0.820900    0.213134   -0.323734   -0.046624   -0.400543   -0.888445
    0.557842   -0.107840    0.071877   -0.195497    0.068910   -0.884167
    0.032878   -0.274157    0.394039    0.689026    0.327625   -0.284567
    0.398434   -0.728186    0.976547   -0.547935    0.241975    0.239902
   -0.795769   -0.294749   -0.968952    0.500954    0.576046   -0.176798
    0.641070   -0.871290    0.556933   -0.597261    0.498650    0.964710
   -0.915882    0.119984   -0.523262   -0.558080    0.084485    0.083050
    0.981342   -0.134454   -0.083311   -0.941078   -0.520122    0.338333
    0.932742   -0.341221   -0.113385    0.325963    0.679263    0.924217
   -0.494996    0.214577   -0.800429   -0.679129   -0.419868   -0.153995
   -0.649644   -0.975586   -0.368305   -0.125028    0.650236   -0.714556
   -0.938875   -0.843497    0.237316   -0.880903    0.951671   -0.949691
   -0.806740    0.478128   -0.763414    0.279710    0.704201    0.445352
   -0.080429   -0.426030   -0.865559    0.927566    0.496232    0.130878
   -0.464751    0.550937   -0.410153    0.858514   -0.800161   -0.800090
    0.800545   -0.951126   -0.488069   -0.332939    0.364205   -0.053043
    0.167097    0.602644   -0.859102    0.559798    0.784812    0.850255
    0.431704    0.966137   -0.307850    0.579659   -0.679897   -0.403824
    0.426771   -0.091162   -0.316530   -0.275482    0.970241    0.666443
   -0.233225   -0.993705    0.127887    0.963688    0.775832    0.596913
   -0.335780   -0.162790    0.163232   -0.937687    0.228905   -0.424523
   -0.726676   -0.125448   -0.088481    0.737541    0.932446    0.561338
   -0.674640   -0.574610   -0.492765   -0.178164   -0.942192   -0.604882
   -0.432374    0.045487   -0.143170    0.436473    0.659013    0.957263
   -0.464533    0.351984    0.651603    0.081603    0.185954   -0.040883
   -0.141478    0.333301   -0.661459   -0.656573    0.798366   -0.454012
    0.566949   -0.075878    0.000553   -0.312467    0.834563    0.324635
    0.258804    0.679374   -0.354817    0.386382   -0.896913    0.928835
   -0.897360    0.722988    0.537257   -0.282831    0.647523    0.776097
    0.171396   -0.333432   -0.698457   -0.202313   -0.554211   -0.693785
   -0.041769    0.764119   -0.077277   -0.413715   -0.373091   -0.256155
    0.393043   -0.855932   -0.440529   -0.020509    0.752008   -0.162123
    0.032372    0.055365    0.748849    0.234753    0.576547   -0.907620
    0.957191   -0.279522   -0.990277   -0.003009    0.830942    0.473859
   -0.824262   -0.522525   -0.074982   -0.269897   -0.885624   -0.840123
    0.321400   -0.514763   -0.165684   -0.147902    0.252297   -0.160653
    0.201464   -0.116739    0.346018   -0.031427   -0.665844   -0.362924
   -0.448304   -0.081382   -0.428641   -0.439073   -0.318291   -0.186911
   -0.950367   -0.224644    0.617638    0.353681   -0.992061   -0.505321
   -0.332719    0.336938   -0.886804   -0.050269   -0.120581   -0.482493
   -0.053082   -0.179427   -0.751976   -0.741021   -0.481867    0.623250
    0.199758    0.655297    0.448248   -0.229105   -0.810499   -0.130429
    0.485815   -0.629578    0.162540   -0.170500    0.338340   -0.463964
    0.022276    0.170589    0.760183   -0.145199    0.422803   -0.912010
   -0.501103    0.192463   -0.774055    0.769791   -0.196383    0.501560
    0.710429   -0.099152    0.801619    0.392809    0.357278   -0.106893
    0.938137   -0.010370   -0.532823    0.059244   -0.737260   -0.142948
    0.964053   -0.255751    0.459817   -0.815561   -0.496238   -0.005094
   -0.116005   -0.082892    0.126630   -0.197203   -0.198767   -0.830640
    0.698479    0.300413   -0.544882   -0.570918    0.461638   -0.924802
   -0.485704    0.660714    0.340171   -0.577983   -0.573900   -0.054625
    0.092634    0.461560   -0.864596   -0.540957   -0.137257   -0.351120
   -0.831696   -0.863424   -0.708590    0.530686   -0.568677   -0.539800
    0.639284   -0.989929   -0.254070    0.170251   -0.273780   -0.177545
   -0.938200   -0.085979    0.166988   -0.380098   -0.315122   -0.481879
   -0.722512   -0.416989    0.111689    0.335781    0.952010   -0.725021
    0.590416    0.922052    0.762870   -0.675955   -0.714843   -0.004036
    0.166446    0.248365   -0.998082   -0.563301    0.094250    0.875909
    0.987312   -0.301207    0.999001   -0.471630    0.578997   -0.602928
    0.587550    0.190117    0.874608   -0.252386    0.494502   -0.093518
    0.801645   -0.366917   -0.918823    0.019525    0.365309   -0.294551
    0.621120   -0.509156   -0.253903   -0.697882   -0.804616    0.518808
    0.366521    0.077700    0.615062    0.114058    0.176347   -0.358604
   -0.632305    0.852063    0.865994   -0.212439    0.222287   -0.318401
    0.468144    0.111493    0.138665    0.914505    0.985754    0.640936
    0.629847   -0.495986    0.314698    0.051391    0.222398    0.875502
   -0.878729    0.645231   -0.184913    0.502864   -0.497839   -0.179525
    0.935875    0.654725    0.267085    0.366179   -0.226978   -0.102165
   -0.385873    0.475042    0.229585   -0.696896   -0.451255    0.071457
   -0.431644   -0.393175   -0.940876    0.465698   -0.618248    0.688981
   -0.560562   -0.594389    0.444620   -0.876415   -0.308470    0.185919
    0.284807    0.575033   -0.049910    0.212313   -0.217421   -0.065188
    0.867466    0.906929   -0.007983    0.142369   -0.026143   -0.844672
   -0.100794    0.667867   -0.031662   -0.489790   -0.556888    0.949410
   -0.295318    0.810823   -0.078172    0.804093    0.155441   -0.845817
   -0.360794   -0.420773   -0.207090   -0.503541    0.860103    0.088126
   -0.126033   -0.654516    0.254120    0.030768   -0.617219    0.914904
    0.460924    0.270857    0.569527   -0.507621   -0.277965    0.218889
    0.760682    0.161366    0.277162   -0.213680    0.628452   -0.385584
    0.888996   -0.841708    0.211923   -0.438162    0.249088    0.773487
   -0.318308   -0.113029   -0.741427   -0.655648    0.114543    0.325217
    0.417715    0.823247    0.413376   -0.916197   -0.970939   -0.653648
   -0.236306   -0.718980    0.631993    0.587919    0.067064   -0.002591
   -0.946385    0.671623    0.644449   -0.945278   -0.459377   -0.962496
   -0.319210    0.153840   -0.001501   -0.692553    0.615074    0.970267
    0.776999    0.359836    0.657348    0.041928    0.851959    0.995684
   -0.017538    0.178459   -0.352754   -0.822450    0.043351    0.018689
   -0.599140    0.857154    0.945563   -0.561089   -0.651395    0.403741
    0.560431    0.332469    0.565904   -0.864744   -0.871861    0.526199
   -0.603738    0.079301    0.748880   -0.278055    0.122995   -0.436414
    0.439718   -0.440609   -0.180348    0.382622   -0.028339   -0.966900
    0.179284   -0.138673    0.060281    0.372357   -0.623987   -0.264157
   -0.428218   -0.096474   -0.998719   -0.822101    0.552361    0.772386
    0.557773   -0.709127   -0.050638   -0.095988   -0.610444   -0.466014
    0.049959    0.063728   -0.015410   -0.950216   -0.218519    0.481184
   -0.203600   -0.479831    0.138571    0.403862   -0.298811    0.876288
    0.805030   -0.068616   -0.007356   -0.917310   -0.921070   -0.736420
    0.052634   -0.500078    0.516506    0.143068    0.843065    0.952965
    0.484548   -0.901137   -0.067329    0.688258    0.753463   -0.923151
   -0.683674   -0.329388   -0.162044    0.821291   -0.769581    0.333516
   -0.902391    0.703154    0.405112   -0.631263    0.951674    0.647379
   -0.543828   -0.260910   -0.755169   -0.778747    0.228034    0.735825
   -0.602690    0.013481    0.680869   -0.566195   -0.422948   -0.841562
   -0.821267   -0.689403    0.950903   -0.428516   -0.763294    0.561342
    0.157717    0.843547   -0.575166    0.761077    0.119375    0.723459
   -0.349909    0.192949   -0.651902   -0.507599    0.732186   -0.443146
    0.584326    0.921981   -0.475442    0.297212    0.614640    0.829184
    0.680837    0.149755   -0.002461    0.516358   -0.513751   -0.388831
    0.419122    0.339228   -0.767632   -0.620339   -0.435326   -0.256384
    0.337823   -0.399607    0.323819    0.650377    0.849799    0.444609
    0.770155   -0.040547    0.928056   -0.767340   -0.007238    0.739797
   -0.110219   -0.242317    0.303888    0.534124    0.373844   -0.961928
    0.767692   -0.763785    0.046656    0.058972    0.556934    0.246220
   -0.255515   -0.581087    0.871857   -0.695814    0.785372    0.074319
    0.813159    0.151729    0.153722    0.754439   -0.024774    0.980392
    0.738095    0.408990   -0.958323    0.124627    0.574599   -0.817845
    0.761433    0.590951    0.159033   -0.912013    0.316295   -0.093925
   -0.033378   -0.646235   -0.022138   -0.225440    0.679118    0.309602
   -0.744900   -0.465869   -0.251843    0.529078    0.064692    0.125388
    0.790879   -0.338844   -0.587501   -0.867889    0.775323   -0.505228
    0.154224    0.815103   -0.254689   -0.189734    0.860336   -0.495848
    0.480153    0.723888   -0.663141   -0.719509    0.072854    0.910047
    0.777394    0.188929   -0.493416   -0.476673   -0.438994    0.928117
    0.309480   -0.330684    0.038274    0.557722    0.887762   -0.223073
   -0.954949   -0.979916   -0.471845   -0.423001   -0.078650   -0.321637
   -0.103665    0.620617   -0.029014    0.899375    0.081549    0.229382
   -0.459529    0.523232    0.705034    0.895879   -0.509010    0.276092
   -0.590155   -0.407096   -0.730357   -0.849357    0.734087    0.000615
   -0.913529    0.300670   -0.416638    0.101399   -0.081596    0.360849
   -0.450476   -0.678210   -0.340803   -0.160061    0.622760    0.797241
    0.352644   -0.236843   -0.857157    0.181775   -0.120801   -0.957353
   -0.813549    0.400163   -0.677044   -0.350058   -0.080059    0.971482
   -0.554446   -0.651339   -0.138669   -0.982940    0.254468   -0.242267
    0.858568    0.990969   -0.327052   -0.059908    0.403980    0.732695
    0.729401   -0.521795    0.522528    0.579608   -0.390189    0.056679
    0.946889    0.114401    0.963400    0.947044    0.876587    0.212207
    0.765296    0.376021   -0.811753    0.115263    0.906711    0.292711
    0.376842    0.550610    0.181839    0.080222    0.587195    0.217329
    0.375385   -0.809711   -0.019551   -0.330735   -0.502676    0.648837
   -0.333240   -0.924373    0.235803   -0.294461    0.947781   -0.874224
   -0.188167   -0.119612   -0.397280    0.115379   -0.529669    0.887731
    0.116388    0.801788   -0.375616    0.097709   -0.211765    0.420420
    0.883488   -0.170186    0.755569   -0.306380   -0.375890    0.893504
   -0.841214   -0.235811    0.368048   -0.742611    0.152494    0.959733
   -0.233790    0.206682    0.402047    0.068675   -0.770020    0.669121
    0.505229    0.654782    0.614851    0.420158   -0.465987    0.738490
    0.240095   -0.331995   -0.876032    0.392636   -0.575624   -0.729391
    0.072211    0.931216   -0.396685   -0.489753    0.742390    0.908656
    0.569467   -0.155296   -0.332553    0.500695    0.789326   -0.271598
    0.147573    0.717967    0.253029    0.460976    0.814055   -0.748141
   -0.341261   -0.350556   -0.137884    0.645066    0.265804   -0.468741
   -0.602544   -0.110368   -0.823991   -0.662469    0.888956    0.099782
   -0.955291   -0.779746   -0.237119   -0.471038    0.315936    0.671337
    0.487022   -0.171250    0.120386   -0.013035   -0.789558   -0.925711
    0.128465   -0.974436   -0.346510   -0.980753   -0.972395    0.288541
    0.034326    0.625810   -0.639423   -0.263339   -0.281420   -0.412188
    0.500847   -0.790331   -0.713874    0.386099   -0.552493    0.367465
    0.375125   -0.398828   -0.353442   -0.737630   -0.687869   -0.802354
    0.944539    0.753688    0.050775   -0.464622    0.315958   -0.879863
   -0.629863    0.043350   -0.232518   -0.491451   -0.477176    0.022723
    0.552108    0.810879   -0.158623    0.351722   -0.774060    0.769144
    0.719696    0.764062    0.924456    0.847523   -0.131272    0.812051
    0.507809   -0.146643   -0.911247    0.511104    0.555778    0.160988
    0.573996   -0.729405    0.596079   -0.671541    0.355523   -0.403863
   -0.677602   -0.438232   -0.516908   -0.649947    0.190579   -0.390147
   -0.093583    0.775522   -0.432338    0.557994    0.733726    0.931604
   -0.873141   -0.455168   -0.917065   -0.692027   -0.111300    0.854084
   -0.470812    0.217874   -0.852449    0.975422    0.750460   -0.340438
   -0.265833    0.333754   -0.358574   -0.865651    0.554431   -0.916547
   -0.327581   -0.920524    0.612459    0.433798   -0.703241   -0.519421
   -0.185154    0.817049    0.674959    0.340229   -0.548121    0.761000
   -0.649746   -0.446730    0.274292    0.971624   -0.563436    0.752209
    0.617612    0.774566   -0.709276    0.672688   -0.936578   -0.106973
   -0.160107    0.214621   -0.199662   -0.403663   -0.619261   -0.472194
   -0.523978   -0.301377   -0.290971    0.247689   -0.958214    0.069899
    0.735690    0.400084   -0.725033   -0.208940    0.438678   -0.806603
   -0.753879    0.787696   -0.101495   -0.463584    0.923834   -0.440142
    0.814625    0.314196   -0.572526    0.694666    0.356394   -0.055850
    0.294050   -0.266895   -0.844306    0.846213   -0.525810    0.659885
    0.631017    0.179196   -0.378343    0.922483    0.759458    0.998984
    0.999039    0.710524    0.052542    0.887787   -0.785613   -0.010063
   -0.615923    0.656653   -0.517613   -0.081943    0.869080   -0.867824
   -0.441039   -0.336458   -0.214639   -0.068652    0.962754   -0.575415
   -0.294170   -0.643744    0.862874    0.935170   -0.714461    0.197244
    0.437608    0.149100    0.057246   -0.639374    0.052682    0.610428
    0.080928   -0.456326   -0.059942   -0.980650    0.460368   -0.515976
   -0.574309    0.277797    0.308432   -0.446787   -0.305274    0.686588
    0.249213    0.289399    0.631402    0.481137    0.406090   -0.096097
   -0.081864   -0.864314    0.118951    0.068066    0.319628    0.614808
   -0.374629    0.857197   -0.934050    0.896367   -0.655315    0.157513
   -0.711747    0.620866    0.297724   -0.506918    0.649635   -0.884422
   -0.824634   -0.567933   -0.349611   -0.241950    0.128184    0.577227
   -0.231805   -0.309993    0.505825   -0.011986   -0.839721   -0.932325
    0.304333    0.834239    0.670431   -0.396640    0.503980   -0.616911
    0.535472    0.046956    0.516238   -0.957856    0.085090   -0.243985
    0.324698    0.621722    0.025832   -0.557779   -0.679208   -0.080242
    0.975440    0.177655   -0.700735   -0.407675   -0.141615   -0.954317
    0.889282   -0.155695    0.152486   -0.772284    0.446936   -0.826834
   -0.453921   -0.064554   -0.313818   -0.030330   -0.136094   -0.562059
    0.272543    0.489568    0.418552   -0.043013   -0.683038   -0.843611
    0.174647   -0.243389   -0.198767    0.981337   -0.006135   -0.975487
    0.807158   -0.695790   -0.165843    0.272725    0.425147    0.311685
    0.878943    0.413670   -0.928493   -0.229238    0.245288   -0.490441
    0.683951    0.689339   -0.881807    0.736450    0.796996   -0.918896
   -0.693688    0.882343    0.089299   -0.219004   -0.041225    0.889921
   -0.786121    0.161473    0.907272    0.107013   -0.926134    0.676470
   -0.990161    0.695479   -0.064333    0.053350   -0.480616   -0.364421
    0.559007   -0.977059    0.720497    0.451341    0.456259    0.898009
    0.051308   -0.797399   -0.815002   -0.035598    0.329603   -0.577807
   -0.192569    0.142997   -0.663867   -0.892958   -0.662110   -0.132628
   -0.222861    0.626911   -0.270520    0.348541   -0.169608   -0.617425
    0.080946   -0.005085    0.977231   -0.205586   -0.087859   -0.453889
    0.565076   -0.786662    0.455304   -0.008601    0.035334    0.743094
   -0.668564   -0.598315   -0.637739    0.284382   -0.422064   -0.827693
    0.930167    0.578283    0.104334    0.708009   -0.922940   -0.407362
    0.286688   -0.099166   -0.121484   -0.034015   -0.671142    0.371567
   -0.999550    0.666176    0.694189   -0.133211   -0.786867    0.559707
   -0.780947   -0.929279   -0.726360   -0.652761   -0.490880    0.179105
   -0.669129    0.770025   -0.599007    0.898986   -0.056405    0.297270
    0.111619    0.675043    0.556000    0.206855    0.746093    0.401903
   -0.752048    0.220256   -0.520137   -0.151110   -0.316373    0.502643
   -0.785810   -0.756557   -0.697801   -0.660568   -0.570382   -0.762787
    0.924771   -0.360838    0.796660    0.399016    0.466808   -0.164051
   -0.606800    0.929628    0.735381    0.294140   -0.676326    0.817789
   -0.466157   -0.222793    0.479619    0.242078    0.214724    0.053819
   -0.192234   -0.468599   -0.063597   -0.054280   -0.381294    0.862790
   -0.738418    0.693112    0.452957    0.906853   -0.688727    0.352730
    0.991073    0.111279   -0.052261   -0.062311   -0.974615    0.408564
   -0.438441   -0.105703   -0.699766   -0.776213   -0.384499    0.716350
    0.363138   -0.467507   -0.186402    0.966553   -0.497238   -0.283112
   -0.668300   -0.199682    0.236336   -0.925653   -0.628321   -0.915407
    0.517388   -0.961557    0.284326   -0.833796    0.627118   -0.189998
   -0.127461   -0.332312    0.060653    0.829016    0.132339   -0.933467
   -0.626863   -0.658367    0.875695   -0.800415    0.221499    0.490353
   -0.221451   -0.733369   -0.696171   -0.771426    0.379671    0.019235
   -0.661039    0.468003    0.397238   -0.981484    0.813830   -0.779036
    0.762785    0.858055    0.740006    0.255837    0.423044   -0.490509
    0.349211    0.857845   -0.800660   -0.840124   -0.313182   -0.885475
    0.322197   -0.841382   -0.421021   -0.477358    0.093392    0.537584
   -0.659775    0.484184    0.619172   -0.146144    0.745802    0.848884
    0.883260    0.004548   -0.428881    0.910548   -0.012198   -0.180412
    0.256176    0.915921    0.169626   -0.112203    0.770471    0.583907
   -0.770023   -0.731052    0.873179    0.011484    0.092489   -0.455103
    0.176199    0.159249   -0.615801    0.293471    0.552524   -0.722827
    0.287303    0.232169   -0.702411   -0.475170   -0.855425    0.796270
    0.029928    0.799874    0.874297    0.647692    0.971663   -0.607028
   -0.237205    0.611708    0.142679   -0.867724   -0.939760   -0.037036
   -0.005769    0.085451   -0.814466    0.628303    0.476474   -0.804954
   -0.016312   -0.473813    0.314132   -0.768176    0.328398   -0.469265
   -0.058021    0.320891   -0.139306   -0.446277   -0.299146    0.468535
   -0.305484   -0.278858   -0.345640   -0.522032    0.657089   -0.408112
    0.890313   -0.343719   -0.412498    0.706736   -0.228790   -0.917975
    0.578842   -0.074742   -0.095176   -0.875667    0.558796   -0.582277
   -0.660252   -0.968424    0.861025   -0.671708    0.930702    0.073018
   -0.528457    0.054551   -0.859993   -0.455610   -0.983944    0.387863
    0.072863    0.306916   -0.873076    0.490577    0.495615    0.383958
   -0.148383   -0.693192    0.882588    0.980399   -0.980010   -0.959608
   -0.816536   -0.564234   -0.152964   -0.909281    0.576274   -0.466672
   -0.599128   -0.377783   -0.777228   -0.096321   -0.113965   -0.938723
   -0.893095   -0.711061    0.699829    0.516556    0.997028    0.438912
   -0.671437    0.002320   -0.309650    0.375217    0.202956   -0.250056
    0.698655   -0.650000   -0.674804    0.110999    0.651218   -0.444182
    0.556954    0.102883    0.152517    0.810168    0.789115    0.758565
   -0.162514   -0.985103   -0.457289   -0.273629    0.598682    0.520325
   -0.855854   -0.911061    0.281696   -0.112354    0.221469   -0.296208
    0.444512   -0.210549    0.826063    0.815139   -0.700372    0.796155
   -0.486858    0.550976    0.007792    0.660964    0.811745   -0.985158
    0.906921   -0.777842   -0.949614    0.140752    0.101685   -0.869617
    0.707424    0.730300    0.306973   -0.546148   -0.084739    0.854332
   -0.937622   -0.963390   -0.267940    0.420016    0.043609   -0.683122
   -0.767439    0.763688   -0.387537    0.226456    0.514897   -0.965229
    0.761819   -0.851967    0.557811   -0.597934    0.109469   -0.209518
   -0.094864    0.453824   -0.493416   -0.851576    0.840863   -0.447284
    0.121516   -0.072333    0.386044    0.695850   -0.385990    0.197527
   -0.198559    0.273699    0.141621   -0.484713    0.269740    0.814681
   -0.780042    0.950096    0.722656    0.226570    0.142703    0.696980
    0.517123   -0.450366   -0.727406    0.442965    0.290844   -0.864858
    0.888734   -0.979394    0.198347   -0.281225   -0.699225    0.138351
    0.791895   -0.443308   -0.613926    0.965604   -0.612716   -0.878151
    0.756167    0.585549    0.480496   -0.922352    0.080609    0.662777
   -0.186125   -0.966447   -0.890558    0.354863    0.731805    0.725922
   -0.499059    0.152995    0.298594   -0.014070   -0.960569    0.857811
   -0.470580    0.624069    0.334446   -0.719149    0.484984    0.476027
    0.530593    0.754492   -0.761456   -0.642288   -0.316581   -0.426730
   -0.762419   -0.566000    0.752643    0.612351   -0.256137    0.636186
    0.120791    0.999833   -0.479891   -0.374136   -0.849471   -0.633747
   -0.076304    0.298724    0.660493   -0.303927   -0.952532    0.084885
   -0.779964   -0.697034    0.891144   -0.756616   -0.788467    0.808842
    0.520455    0.487222    0.993142    0.754752    0.132496   -0.532012
    0.353438    0.292796   -0.686564   -0.665367    0.348940    0.025257
    0.460420   -0.951877   -0.544484    0.645519    0.808159    0.840438
   -0.719196   -0.134831   -0.382145    0.764443   -0.016179    0.675315
   -0.877742   -0.105462    0.650602   -0.225955   -0.487304    0.352426
   -0.639523   -0.467956    0.451672   -0.806160    0.309702   -0.683837
    0.332922   -0.606326   -0.332296   -0.253966   -0.258878   -0.364359
    0.231779    0.739341   -0.099731   -0.488450   -0.417139   -0.298689
    0.530105   -0.720703    0.052599   -0.304007   -0.268094    0.433607
   -0.535250    0.444997   -0.162771    0.955752    0.654559   -0.793714
   -0.162472    0.486194    0.328962    0.958677   -0.815616    0.851463
   -0.406136    0.751698    0.197274    0.857277   -0.427446   -0.276873
    0.592945   -0.524208    0.422488    0.513438   -0.000682   -0.245146
   -0.869418   -0.789773    0.787350    0.369997    0.845045    0.619437
   -0.154659   -0.171009    0.345314   -0.572436   -0.822570    0.725212
   -0.559215    0.149281   -0.628681   -0.507267    0.380298    0.160506
    0.483425    0.883270   -0.636885   -0.161053   -0.119933    0.976505
    0.288395    0.707794    0.045815    0.856087   -0.829758    0.402573
    0.291678    0.735023   -0.148030   -0.584916   -0.723499    0.307296
    0.021510    0.948880    0.542020    0.246948    0.649269    0.425023
   -0.143292   -0.585970    0.420553    0.340093   -0.110854   -0.769657
   -0.587272    0.075297    0.048664   -0.785876    0.964480    0.124439
    0.148619    0.586676   -0.016454   -0.691885    0.492293   -0.465940
   -0.809151   -0.534559    0.639625    0.641157   -0.745007   -0.233419
    0.853247   -0.500007   -0.410290   -0.247468   -0.541158   -0.656680
   -0.634041   -0.864609   -0.729611   -0.698452    0.885503   -0.721575
   -0.603749    0.271755   -0.653023   -0.713851    0.595787    0.517960
    0.447526    0.733117   -0.483961   -0.914169   -0.367456    0.575350
    0.618047    0.346843    0.695426    0.246494    0.898693    0.480905
   -0.041552    0.754390   -0.620433    0.427845   -0.000516    0.331964
   -0.275660   -0.212288    0.503499   -0.182483   -0.895185    0.003264
    0.642858    0.886972    0.318568    0.545765    0.807684   -0.259273
   -0.265594   -0.937249   -0.093634    0.831584   -0.153242   -0.488910
    0.534972    0.179879   -0.127131    0.124256   -0.540586   -0.284333
   -0.420478    0.080602    0.711774    0.609848    0.757689    0.986997
   -0.635161   -0.323722   -0.440627   -0.728387   -0.835632   -0.580297
    0.372248   -0.855578    0.182315    0.928508    0.053749    0.687353
    0.806700    0.621970   -0.298072    0.119495    0.771714    0.446996
    0.182984    0.410878    0.496921   -0.760076    0.375220   -0.702390
    0.844675   -0.864117    0.013235    0.114068   -0.471466   -0.642324
    0.785865    0.459692    0.391704    0.335991   -0.516077   -0.547057
   -0.694101    0.212333   -0.493768   -0.812135   -0.650589   -0.870926
    0.752332   -0.002570   -0.402464   -0.607850   -0.531238    0.531483
    0.797812    0.736557   -0.265829   -0.696082    0.260658    0.771833
    0.479882   -0.446143    0.167302   -0.887848   -0.100695    0.465773
    0.995304    0.211572    0.623752    0.967538   -0.312548   -0.375333
   -0.630223   -0.589031    0.426846    0.068143    0.351139   -0.675047
    0.159502    0.075885    0.482173    0.887009    0.319150    0.543510
    0.662434   -0.248893    0.314871    0.312615    0.041389   -0.570960
   -0.673127    0.407445    0.989956    0.433527   -0.753202    0.821820
   -0.313066    0.232086   -0.763478   -0.326106    0.433286    0.870722
    0.759983    0.074479    0.701016    0.965516    0.809374   -0.337086
    0.802331    0.036595    0.805711    0.110183    0.591789   -0.677199
    0.621758    0.802505    0.672248    0.404769   -0.452747    0.450042
   -0.533226   -0.706665   -0.249148   -0.300268    0.767750    0.627535
   -0.997474   -0.460023   -0.372285   -0.040065   -0.289979   -0.297289
    0.030555    0.188862   -0.919821   -0.030047    0.631993    0.823456
    0.719942   -0.870627   -0.918756   -0.319100   -0.035430   -0.785869
   -0.632932   -0.875022    0.661832    0.971354   -0.503986    0.315591
   -0.966256    0.204872    0.698115    0.134830   -0.040132    0.812566
    0.625221   -0.921225    0.521181   -0.628744    0.087461    0.458280
    0.649076    0.983095    0.840211    0.946614    0.611964   -0.530805
   -0.228169    0.572920   -0.113444    0.569102    0.960259    0.998524
   -0.184393    0.855486    0.270055   -0.689314   -0.853425    0.202650
    0.004236   -0.220580    0.170059    0.837830   -0.317955   -0.773605
    0.400007   -0.297421    0.628056   -0.059455   -0.457572    0.439364
    0.542596    0.849632   -0.929977    0.109342    0.430296    0.015937
    0.101420    0.218967   -0.500011   -0.555905    0.456563    0.038233
    0.736109    0.546925   -0.487451    0.986466    0.529816    0.925715
   -0.422247   -0.933063    0.178732    0.202155   -0.567365    0.644562
    0.732863   -0.473534    0.406637   -0.710293    0.212061   -0.375703
    0.784692   -0.530361   -0.926097    0.362204    0.773002    0.839448
    0.131476   -0.850830   -0.553736   -0.887318    0.189271   -0.965510
    0.766049    0.574816    0.971533    0.006926    0.106712   -0.947996
    0.479887   -0.374393    0.423880    0.057269   -0.868325    0.494657
    0.036128   -0.116918    0.198607    0.154951   -0.218968   -0.887493
   -0.829185    0.339462    0.899342   -0.264912    0.592116   -0.341384
    0.958139   -0.475178   -0.462504    0.328984   -0.071378   -0.400915
   -0.020615    0.872794   -0.489087   -0.968136    0.284150   -0.860798
   -0.092899   -0.993764   -0.305533    0.717428    0.185884   -0.820973
   -0.166975    0.498500   -0.986123   -0.595025    0.980355   -0.368729
    0.029462    0.308508   -0.875861    0.952105    0.587111    0.652159
    0.232259    0.887098    0.697083    0.157685    0.883064   -0.410231
   -0.921346   -0.757129   -0.709772    0.562805   -0.193220   -0.935564
    0.771472    0.606827   -0.149927   -0.260357   -0.007677   -0.942991
    0.134963    0.647716    0.543580    0.476364    0.006337   -0.842301
    0.545474   -0.322594   -0.210303   -0.959889    0.155522   -0.908061
   -0.625375    0.804883   -0.818968   -0.477169   -0.983843    0.757526
    0.595119   -0.831248   -0.272773   -0.480163   -0.218553   -0.803987
    0.524862   -0.503418    0.475339   -0.519248   -0.891405   -0.564063
    0.733616    0.076773    0.349597    0.350699   -0.855909    0.069228
    0.646830   -0.079980   -0.314955   -0.047015    0.494998    0.851092
   -0.920999    0.426888    0.043578   -0.519299    0.120365    0.894009
    0.301341    0.977997   -0.719375   -0.372601    0.730982    0.010280
    0.814562    0.804759   -0.364187   -0.147044    0.643225   -0.079775
   -0.057852    0.516842   -0.907540   -0.150663    0.425459   -0.880591
   -0.197112   -0.931219    0.947582    0.866985    0.242295    0.834465
    0.275413    0.302371    0.979496   -0.642725   -0.277436    0.856431
   -0.843520    0.594394    0.191322    0.978929    0.345394    0.685226
    0.488422    0.547545    0.750455    0.778322    0.469966    0.369023
    0.822691   -0.764801    0.810591    0.343884   -0.217037   -0.077535
   -0.576917    0.459138   -0.970295    0.773732    0.643170   -0.269429
   -0.299745   -0.147924    0.423871    0.668201    0.140100   -0.081481
    0.076068   -0.119501    0.865423    0.737161    0.778818    0.470919
   -0.391919    0.515253   -0.899400   -0.804238    0.079108    0.619456
   -0.351205   -0.997464    0.625752    0.063644   -0.324764    0.490526
    0.935641   -0.810768   -0.025347    0.727302    0.211571    0.922813
   -0.583355    0.736887   -0.598242   -0.816468   -0.858108    0.031798
    0.200502    0.323228   -0.764841   -0.471790    0.791278    0.899477
   -0.974376    0.214013   -0.296267   -0.231293    0.357896    0.624687
   -0.759154   -0.069314   -0.022413    0.748573   -0.852300   -0.192928
   -0.474599   -0.370191    0.381163   -0.036106   -0.443056   -0.039038
    0.523662   -0.893877   -0.563495    0.529069    0.915573   -0.678953
    0.757700    0.785383    0.704649    0.566560    0.128692    0.649619
    0.493200    0.556831   -0.099689    0.031870   -0.074326   -0.318463
   -0.985690    0.291192   -0.735427    0.567723   -0.239424    0.828790
   -0.502527    0.617626    0.469006    0.286435   -0.547096   -0.055522
    0.165231   -0.624950   -0.736693   -0.444538    0.304712    0.374822
   -0.397897    0.150165   -0.325693    0.878198    0.648839   -0.433197
    0.730631   -0.092421    0.725774    0.504114   -0.959454    0.773210
    0.156183    0.562728    0.894424    0.321731    0.709045    0.405966
   -0.969401   -0.322016    0.164514    0.805785   -0.491308   -0.343739
   -0.809252   -0.814128   -0.864190   -0.435007   -0.292516    0.314327
   -0.447752    0.105885   -0.968356   -0.558761   -0.962017    0.387960
   -0.688411   -0.681741    0.005408    0.821734   -0.704259   -0.786731
   -0.691932   -0.449724    0.039465   -0.238177    0.392120   -0.854863
   -0.401962   -0.721918    0.996290    0.453204   -0.213669   -0.593353
   -0.746885    0.993923    0.420882    0.613783    0.421865   -0.168208
   -0.483444    0.767705    0.206714   -0.460701    0.775071    0.599782
    0.468350   -0.327511   -0.954266   -0.708261   -0.734552    0.223839
   -0.732838   -0.435695   -0.399532   -0.974821   -0.159503    0.699043
    0.155180    0.289452   -0.750446    0.011997    0.924564   -0.038685
    0.538720    0.848504    0.682575   -0.846433   -0.169824   -0.882536
   -0.961098    0.094983   -0.218166   -0.032561   -0.454921    0.902457
   -0.310985    0.523024   -0.896232   -0.010663   -0.692486    0.328865
   -0.361240    0.394617    0.940397    0.491633    0.185756    0.436995
    0.556971    0.304221   -0.217432    0.114732
