   -0.665447   -0.463682   -0.236154   -0.336109    0.323379    0.754422
    0.344818    0.770327    0.532134    0.073084   -0.993383    0.403591
   -0.129093   -0.133026   -0.363078    0.302734   -0.711018    0.301350
   -0.241469   -0.510293    0.591719    0.488222    0.260768   -0.593976
   -0.047997   -0.267143    0.992938    0.560233   -0.624089   -0.506425
   -0.206168    0.182203   -0.241653   -0.741378   -0.141892    0.725756
    0.116372   -0.487431   -0.227366   -0.614479   -0.113661   -0.779974
    0.812080   -0.741278   -0.741744    0.697095    0.663199    0.861767
    0.553237   -0.367319   -0.597002    0.694089   -0.384181    0.277642
    0.865536   -0.596701   -0.862606   -0.301838   -0.758284    0.610348
   -0.194669    0.222616   -0.236800    0.086816   -0.628751   -0.188121
    0.803606    0.480286    0.310907   -0.552297    0.284188    0.697359
   -0.619197    0.283373   -0.273852   -0.470603    0.524502   -0.921675
    0.375255    0.901466   -0.927104    0.470646   -0.643110    0.698535
    0.374855    0.621196    0.528722   -0.057791   -0.297984   -0.737960
    0.359265   -0.882044    0.311973    0.890985   -0.070715   -0.172111
   -0.234256   -0.704718    0.018767   -0.459996   -0.046084   -0.036794
    0.451214    0.089054   -0.711515   -0.228525    0.863071   -0.293895
    0.657706   -0.143571    0.110079   -0.757656    0.727828   -0.390184
   -0.873096    0.500289   -0.285769   -0.744700   -0.108086   -0.190694
    0.029878    0.227137    0.789439   -0.869542    0.805827   -0.218897
   -0.513465    0.350882    0.357772   -0.644530   -0.956005    0.469257
    0.945804   -0.392386   -0.663297    0.549945   -0.637314    0.030384
   -0.496103   -0.384576   -0.734254    0.170897   -0.106953   -0.720557
   -0.814338    0.190101    0.257660    0.917418    0.289278    0.558134
    0.093197    0.401783   -0.787975   -0.400042    0.517429   -0.025335
   -0.512360   -0.601720   -0.162666    0.556187   -0.137204    0.265205
    0.238574    0.326614   -0.162443    0.161693   -0.299668    0.069957
   -0.164113   -0.012264   -0.439941    0.162749   -0.274313   -0.968645
    0.041217    0.527557   -0.241823    0.481939    0.796143    0.775150
   -0.419932    0.698244   -0.663287   -0.515194    0.119170    0.851390
    0.668036    0.235730   -0.452030    0.578402    0.177918    0.240094
    0.439950    0.262844   -0.304339   -0.086449    0.729430    0.664755
    0.754352    0.233506   -0.386271    0.413422   -0.566806    0.538606
    0.729984   -0.224864   -0.930227    0.676290    0.845842    0.366164
    0.202569    0.478165    0.995029    0.436756    0.005380   -0.796542
   -0.011767   -0.755972    0.725185   -0.068428   -0.635048    0.794391
   -0.505406   -0.922155    0.188660    0.917609   -0.067688   -0.969230
    0.893407   -0.914219    0.007246    0.172792   -0.096879    0.306196
   -0.380828    0.356371    0.570808   -0.864462   -0.789547   -0.591784
    0.961041    0.120412    0.076161    0.622007    0.377769   -0.106899
   -0.034241    0.558839    0.614543   -0.715437    0.911997    0.145001
    0.366517   -0.205549    0.633167   -0.368413    0.332822   -0.722810
   -0.930411    0.766802   -0.246290   -0.878014   -0.080302    0.204226
    0.512905   -0.819807   -0.574058    0.146503    0.007399    0.344575
    0.115787   -0.329456    0.379937   -0.188271    0.652226   -0.155690
   -0.145416    0.338963   -0.102798    0.583817    0.544851    0.991494
   -0.463060   -0.329345    0.205286    0.185830    0.000748   -0.910105
    0.396739    0.576291    0.533383   -0.331970   -0.058804   -0.003909
    0.497477    0.751028   -0.748879   -0.283708   -0.492761   -0.931514
   -0.734279    0.257997   -0.730518   -0.327846   -0.014089    0.884791
   -0.565220    0.205503   -0.228874   -0.874953   -0.503968    0.588034
    0.893082   -0.024316    0.108450    0.769173   -0.812648   -0.462019
    0.962333   -0.543470    0.023023    0.295200    0.260909    0.494052
    0.144652   -0.059896    0.148396    0.336163    0.513748   -0.670608
   -0.478890    0.787136   -0.992069    0.811907   -0.842439    0.718415
    0.490460    0.503535   -0.534072   -0.964176   -0.770836    0.209373
    0.452785   -0.807311    0.275064   -0.327833   -0.033242   -0.750019
    0.237408   -0.874627   -0.546352   -0.210025   -0.608196    0.383308
    0.164550   -0.870351    0.985628    0.439246   -0.920269   -0.369719
   -0.880528   -0.270811   -0.962475   -0.849710   -0.198976   -0.399360
    0.024873    0.924734   -0.827800    0.448146   -0.553449   -0.323027
   -0.253090    0.171679   -0.116292   -0.435688   -0.042154   -0.890271
    0.030028   -0.687845    0.289786   -0.707715    0.393385    0.504811
   -0.714308    0.714536   -0.436446   -0.051150   -0.923221    0.604593
   -0.314669   -0.026128   -0.007249    0.774424   -0.434338    0.402374
    0.657078    0.419140    0.275427    0.769383    0.358646    0.324819
    0.036131   -0.074120    0.330895   -0.676265   -0.368167   -0.335816
   -0.406760   -0.794276    0.346826   -0.781681   -0.234038   -0.266079
    0.130431   -0.601867    0.072625    0.347650    0.798075   -0.455807
    0.777649    0.805103   -0.031639    0.978919    0.869096   -0.407359
   -0.302404    0.902189    0.441524   -0.151922    0.649000   -0.215187
    0.328478    0.149099    0.748635    0.572038   -0.011028    0.048198
    0.332009    0.018643   -0.450705    0.966848   -0.439482    0.812791
   -0.558669    0.131732   -0.331287    0.406698   -0.939139   -0.118296
   -0.867244    0.621130   -0.898793    0.182904    0.231942    0.405451
    0.627025   -0.381412    0.531790   -0.767743    0.368095    0.420403
    0.272276    0.474992   -0.819798   -0.448079    0.932070    0.857798
    0.387446   -0.208340    0.449693    0.287010   -0.224906    0.332067
    0.894628   -0.585848    0.902551    0.796943    0.115963    0.583591
    0.705415    0.584361   -0.888841   -0.365453   -0.660081   -0.851199
   -0.805231   -0.929994    0.639811   -0.007271    0.857025   -0.415119
   -0.776972    0.150820    0.940513   -0.300365    0.107824    0.057486
   -0.587072    0.512415    0.450174   -0.010317   -0.125116   -0.717175
   -0.776644   -0.131935    0.980130   -0.244372    0.272157    0.284924
   -0.877600    0.484684    0.336987    0.657990   -0.724352   -0.890980
    0.004554   -0.638581   -0.811336    0.037147    0.320901   -0.360728
    0.815982    0.088722   -0.175427   -0.078595    0.640378    0.543690
   -0.719779    0.460212   -0.310261    0.486292    0.819784   -0.564319
    0.157068    0.746845    0.956619   -0.572443   -0.471542    0.708408
    0.134066   -0.189261    0.347829    0.710903    0.160637    0.806714
    0.633150   -0.340928    0.041575    0.925842    0.017478    0.826579
   -0.739388    0.011722    0.498959   -0.223791   -0.894506    0.588794
   -0.714678    0.204933   -0.779095   -0.122356   -0.090693   -0.880313
    0.521662    0.128134   -0.377189   -0.830988    0.860717   -0.403264
   -0.593566    0.199580   -0.386048    0.524642   -0.069451    0.159150
    0.885354   -0.183033   -0.310141   -0.707666    0.956453   -0.271410
    0.539607    0.322378   -0.142094   -0.016996   -0.257654   -0.066483
    0.400488   -0.903883    0.676280    0.730760   -0.136918   -0.668964
   -0.189826    0.337467    0.387011    0.378551   -0.428399   -0.483565
   -0.750284   -0.498826    0.852756   -0.408214    0.920074    0.842786
   -0.190911   -0.707396   -0.151035    0.143529    0.511291   -0.947952
   -0.305073   -0.647736    0.184226   -0.791968    0.836794    0.282897
    0.509788   -0.793490    0.491220    0.596218   -0.781158   -0.842545
    0.932659    0.105920   -0.666737   -0.358995    0.267197    0.171894
   -0.432453   -0.826727    0.151413    0.556158    0.983824    0.626961
   -0.432428   -0.166951   -0.279155   -0.763336    0.315519   -0.904603
   -0.889787    0.228860   -0.470141   -0.962109   -0.630458   -0.297648
   -0.013886    0.549637    0.400277   -0.543827    0.654146   -0.910361
    0.523312    0.031494    0.256106    0.685743    0.821674   -0.910959
    0.744327    0.112492    0.795547    0.166653    0.871632    0.334962
    0.366389   -0.732904    0.365553    0.405810    0.709659    0.157674
    0.156789   -0.589677   -0.628939    0.586722   -0.630292    0.533568
    0.299895    0.190924    0.288336    0.614216    0.976239   -0.943500
   -0.507453   -0.723483   -0.513773    0.710303    0.324269    0.060555
   -0.116861    0.396509    0.911895    0.789551    0.474734   -0.794962
    0.753000   -0.509624    0.216154   -0.574600    0.275261    0.084219
   -0.192530   -0.169980    0.079261    0.368362   -0.010885    0.874805
   -0.933557   -0.043016    0.126127    0.019209    0.611410   -0.154315
   -0.274835    0.310414   -0.065738    0.135395    0.439790    0.104155
    0.930244    0.100756    0.478772    0.559572    0.304036   -0.819961
    0.393144   -0.431460   -0.200147   -0.293756   -0.212374   -0.155676
    0.918757    0.593664   -0.435368   -0.722674    0.496274    0.921614
    0.177532   -0.222072   -0.120018    0.015530   -0.475760    0.781041
   -0.241508    0.668207    0.385004    0.491359   -0.059581   -0.710073
   -0.769168    0.576766   -0.264112   -0.737740   -0.894951   -0.404363
   -0.451367    0.935864   -0.890877   -0.612010    0.856290   -0.319533
    0.648453    0.546749   -0.495190   -0.756525    0.668247    0.233321
   -0.238967   -0.115186    0.606694   -0.471102    0.789310   -0.545178
    0.852055    0.577315    0.528569   -0.034085   -0.888685   -0.827696
    0.710952   -0.486490   -0.548642    0.477378   -0.018374   -0.067304
    0.954299   -0.532330   -0.991586   -0.630105    0.886774   -0.488734
    0.779125   -0.878011   -0.632941   -0.454305    0.681386   -0.116128
   -0.104839   -0.678236   -0.353866    0.558864    0.589554   -0.137647
    0.222472   -0.818288   -0.252625    0.281813    0.391613    0.075387
   -0.243217   -0.623378   -0.609206   -0.638551   -0.155078    0.198508
   -0.912285   -0.724094   -0.917476   -0.731123   -0.929944   -0.083926
    0.666120    0.738205   -0.373666   -0.268879   -0.579397    0.213448
    0.561286    0.632792    0.024734    0.911736   -0.224578    0.875633
    0.869701   -0.810006   -0.511134   -0.266386    0.040306   -0.995284
   -0.491746   -0.676555    0.057742    0.611808   -0.370663   -0.771219
    0.200452    0.395304   -0.273996    0.100367    0.901369    0.182277
   -0.344802   -0.853942    0.089455   -0.606188    0.901223    0.661692
    0.741326    0.838409   -0.282759   -0.832067    0.835261   -0.153504
    0.723772   -0.650016    0.439760    0.626957    0.620209   -0.584155
    0.421624    0.994226   -0.796274   -0.364887    0.508607    0.242229
   -0.990767   -0.163582    0.940758   -0.307898    0.402072   -0.101615
    0.543687   -0.572272    0.847297   -0.986984    0.986673    0.732831
    0.404290    0.336804   -0.226948   -0.469435   -0.903331   -0.191630
   -0.271075   -0.440309   -0.105299    0.178719   -0.507801    0.973197
   -0.833353   -0.881422   -0.069191   -0.834697    0.633353   -0.480412
    0.193860   -0.504939   -0.229307   -0.998711    0.051559   -0.174034
    0.208786    0.343418   -0.880596    0.979444   -0.271293    0.391335
   -0.236617   -0.203760    0.032839   -0.100030   -0.743953    0.030999
   -0.219681    0.942319    0.560176    0.419353   -0.597572   -0.582754
    0.710703   -0.548973   -0.762217   -0.424585    0.713645   -0.433766
    0.853020   -0.901523   -0.106053   -0.466931    0.332524    0.529127
   -0.699961    0.494287    0.917001   -0.624774   -0.241581   -0.669749
   -0.673105    0.010697    0.088886   -0.532622    0.892183    0.544713
    0.274840    0.919345   -0.175812   -0.413588   -0.233984   -0.337441
   -0.506038   -0.131934    0.969021    0.084014    0.436348    0.075757
   -0.285793   -0.714322    0.271481   -0.154688   -0.639341   -0.474068
   -0.128014   -0.086099    0.152814    0.373274    0.641996    0.275983
    0.361042   -0.625921    0.290340   -0.934812   -0.311902   -0.922641
   -0.001347    0.133187   -0.465635    0.253731    0.643266    0.415112
   -0.463477   -0.005563    0.322180    0.262515   -0.451115    0.772945
    0.463716   -0.198155    0.190631   -0.094817   -0.516711   -0.008081
    0.140780    0.001796    0.354303    0.215957    0.210763   -0.933932
    0.865513   -0.598862   -0.587227    0.029235   -0.823967   -0.094180
   -0.700275   -0.431969   -0.975870   -0.149487   -0.938987    0.690550
    0.038962   -0.782979    0.810592    0.466513    0.735382    0.587251
    0.207557   -0.975230    0.676729    0.797909   -0.866565    0.670400
   -0.500478    0.876158    0.796548    0.640383   -0.024340    0.431199
   -0.554889   -0.433696   -0.974280    0.227272   -0.305470   -0.811150
   -0.960622    0.727754    0.293936   -0.959138   -0.727241    0.908298
   -0.100808   -0.034825   -0.280854   -0.937016   -0.773229    0.849167
    0.815770    0.002981    0.413665    0.229640   -0.019231   -0.858399
   -0.727322   -0.060799    0.157397   -0.908443    0.372881    0.713025
   -0.428360    0.184868    0.551004   -0.957881    0.865089   -0.026189
   -0.864334    0.297662   -0.689278   -0.963566   -0.857382   -0.561438
   -0.397097    0.106373   -0.083730   -0.631185   -0.012861    0.799117
   -0.242532    0.931370   -0.161947    0.469485   -0.402904    0.238838
   -0.915411    0.274754    0.981697   -0.348199    0.938464    0.082012
   -0.048294   -0.764180    0.572731    0.786939    0.502658   -0.734052
    0.839324   -0.413819    0.704682    0.800088    0.808183   -0.023211
   -0.422577    0.188087    0.233721   -0.804030    0.465927    0.786850
   -0.016609   -0.436994    0.205796    0.003350   -0.455298   -0.281422
    0.365941    0.267285    0.049344    0.286419   -0.106926   -0.653266
    0.658661   -0.682570    0.465997   -0.716435    0.653996   -0.733051
   -0.022158   -0.226843   -0.829911    0.029698   -0.829741    0.584480
   -0.799532   -0.562551    0.587813   -0.780484   -0.871574    0.657522
    0.735858   -0.157256   -0.922209    0.320082    0.728027   -0.617595
    0.212400    0.542763   -0.436055   -0.736546    0.117361   -0.749609
   -0.485340   -0.540293   -0.768688    0.728376   -0.210837    0.043459
   -0.567835   -0.604745    0.495508   -0.342625   -0.621000   -0.367113
    0.536715   -0.374553    0.744452    0.501506   -0.710915   -0.458045
    0.095141    0.308799    0.519288   -0.218786    0.746531    0.092819
   -0.760071    0.441280   -0.498666   -0.835356   -0.454009   -0.847371
    0.641841   -0.361408    0.785961    0.443327    0.049881    0.998790
    0.438570    0.620464    0.545199    0.944075    0.652175   -0.655946
   -0.250298    0.527709    0.234142   -0.087118   -0.318730   -0.170932
   -0.960735    0.639622   -0.066741    0.779324   -0.833498    0.624487
   -0.935889   -0.064442    0.400189    0.032304    0.391478    0.936273
    0.142762    0.895241    0.739115   -0.904739    0.618039    0.577131
   -0.375394    0.138993   -0.434373   -0.352935   -0.434359    0.934367
   -0.885973    0.261662    0.574600    0.258000    0.936955   -0.485517
   -0.174970    0.890591    0.356677    0.808180   -0.256882   -0.985381
    0.537480    0.888918   -0.605266    0.469266    0.254827    0.339383
    0.505747   -0.780958   -0.850468    0.051126    0.535079   -0.727103
    0.147839   -0.334344    0.778715   -0.276852   -0.981130   -0.985006
   -0.815742   -0.457221    0.056545    0.335493    0.062598    0.075884
    0.400760    0.263829    0.160459    0.204045   -0.536000    0.405824
   -0.216125   -0.626326    0.684964    0.421362    0.842712    0.579391
   -0.142128   -0.963787    0.324379    0.894959   -0.460668    0.637389
   -0.794073   -0.694136   -0.309151   -0.159372   -0.266926    0.171824
    0.350794    0.010332   -0.103576    0.895563    0.256640   -0.534007
    0.873515    0.004553    0.894773   -0.404084    0.826450    0.962753
    0.107530    0.042671    0.470602    0.838119    0.259635   -0.393782
   -0.911677   -0.383343    0.761006    0.595028    0.859175   -0.447151
    0.568947    0.334858   -0.988651   -0.510950    0.482173   -0.667755
   -0.699326    0.458054    0.533005   -0.951559    0.253393    0.009437
   -0.636230   -0.072458   -0.429100    0.401392    0.182299   -0.004819
   -0.622957   -0.018903    0.074070    0.194608    0.658257   -0.762232
    0.281130   -0.052971   -0.399887    0.236853    0.949659   -0.802558
    0.728068   -0.291833    0.504168   -0.282564    0.116014    0.312302
   -0.843188    0.291202   -0.904332   -0.379979   -0.898843   -0.386250
    0.234739   -0.593206    0.163604   -0.465807    0.777094   -0.318729
    0.170059   -0.967227    0.272678   -0.826748   -0.992284   -0.824092
   -0.058328   -0.469866    0.301423   -0.476252   -0.890227    0.984059
   -0.901495   -0.534297   -0.543888    0.734585   -0.104895   -0.404969
    0.763069    0.115350   -0.403391   -0.372826    0.058060    0.842479
   -0.192206   -0.598448    0.623723   -0.367980    0.653202   -0.914383
   -0.452107    0.733492   -0.353225   -0.971099   -0.382674   -0.555772
    0.838426   -0.144201   -0.535424   -0.831549    0.786750    0.567590
    0.674114   -0.807056   -0.829933   -0.559630    0.692245    0.632661
   -0.661689   -0.801779   -0.614244    0.890520   -0.414535    0.906891
   -0.060303    0.747851   -0.743093    0.196105   -0.410833   -0.357992
    0.375340    0.964431   -0.962648    0.021464    0.958854   -0.596205
   -0.982182   -0.409410    0.473159    0.901434    0.236139    0.343173
   -0.322860   -0.118814   -0.375507   -0.747157    0.064540   -0.304999
   -0.437395   -0.756468    0.908972   -0.662942    0.484303    0.106347
   -0.460329   -0.675115    0.127135    0.907791   -0.502049   -0.285511
   -0.973603    0.393191    0.060929   -0.981089   -0.096602   -0.959214
   -0.996265    0.191368   -0.869865   -0.199898    0.651331   -0.824163
   -0.770631   -0.248287   -0.212359    0.242012    0.075433   -0.843671
   -0.933590   -0.425986    0.171177   -0.757286   -0.799142   -0.977963
    0.997366   -0.909451   -0.927575    0.408248   -0.684902    0.218713
    0.058967   -0.535211   -0.433991   -0.950321    0.471080   -0.137665
   -0.270833   -0.782227    0.659232   -0.414883    0.467125    0.303390
   -0.456461    0.323945   -0.997840    0.297810    0.985583    0.437571
    0.974641   -0.414797   -0.020869    0.496272   -0.066022   -0.061462
    0.910954    0.588606    0.428045    0.885733   -0.104514    0.340311
    0.802404    0.799855    0.295149   -0.335647    0.390630    0.962204
    0.268362    0.703037   -0.940348    0.523548   -0.310973    0.237373
   -0.697520   -0.986757   -0.850638   -0.027258   -0.724247    0.368241
   -0.906573    0.983527    0.011505    0.486426    0.435362   -0.912819
   -0.681963    0.878947   -0.429811   -0.661138    0.260681    0.942462
    0.873147   -0.999245   -0.180200   -0.924716   -0.767199    0.556003
   -0.288283   -0.937574   -0.252148   -0.106804   -0.360191    0.884246
    0.498919    0.392900    0.331895    0.669623    0.276892    0.352737
    0.927944    0.125913   -0.544773    0.260521    0.102695   -0.074072
    0.602786   -0.331104    0.881581    0.038538   -0.605181   -0.916676
   -0.082418   -0.923328    0.533150   -0.667881   -0.446452    0.617843
   -0.195642    0.337127   -0.929025    0.328299   -0.920708   -0.267676
    0.023677    0.575000   -0.871933    0.344715    0.032862    0.164154
    0.927743    0.913761    0.631819   -0.943868   -0.615765   -0.761149
   -0.353072   -0.203532    0.296456   -0.596154   -0.222807   -0.997155
    0.239384    0.260253    0.681175   -0.658886    0.673718   -0.163807
   -0.716937    0.076953    0.472819   -0.252424    0.320644    0.276422
    0.170824   -0.405097    0.834287    0.813659    0.976587    0.105939
    0.095511   -0.406266    0.559025   -0.680991    0.857706    0.684030
   -0.200212   -0.442761    0.239234    0.598981    0.346051    0.447305
   -0.798533   -0.692848    0.326006   -0.156290   -0.163473   -0.014013
   -0.700756   -0.145566    0.130171    0.099257   -0.872395   -0.443460
   -0.753933   -0.051611    0.345789    0.427568   -0.921933   -0.808966
    0.886181    0.333750   -0.546384   -0.482238   -0.279702   -0.450406
    0.479894    0.497246   -0.607266   -0.099991    0.461753   -0.582196
   -0.229291   -0.928449   -0.538971    0.668688   -0.807930    0.251643
   -0.986394    0.893664    0.317450    0.478531    0.501518   -0.573109
    0.049371   -0.295376    0.041873    0.468479   -0.515147    0.799624
   -0.661704   -0.863714    0.863998    0.504822    0.136519   -0.310953
    0.759370   -0.031396    0.470278    0.566099   -0.911307   -0.005146
    0.860571    0.008416   -0.113884    0.968347   -0.687304    0.427514
   -0.329347    0.283714   -0.619906    0.679123    0.735026    0.458270
   -0.063228    0.390064   -0.731559   -0.741394    0.440624    0.956330
    0.255524    0.670609   -0.637729   -0.347028    0.898064   -0.589753
   -0.060220   -0.677616    0.903202   -0.826927   -0.752782   -0.231070
    0.328792   -0.861121   -0.867821    0.298412    0.698942   -0.692031
   -0.286941    0.708805    0.550798    0.498147    0.651503    0.062937
    0.286541    0.338411    0.462260   -0.941040   -0.057699   -0.293260
    0.766024    0.780444   -0.278528    0.686999    0.971172   -0.526496
    0.911744   -0.211728    0.022316    0.971847   -0.549289    0.431262
    0.838752    0.874680   -0.880076    0.025623   -0.011110   -0.443462
    0.961665   -0.051381   -0.066780    0.040830   -0.974643   -0.005368
   -0.420718    0.114963   -0.260794    0.939489    0.881447    0.222668
    0.306107    0.401278    0.113123    0.107497   -0.306220    0.135210
    0.944379   -0.157660   -0.274670    0.814388    0.662720   -0.649699
   -0.163596    0.760856    0.292492    0.019537    0.999313    0.017253
    0.019855   -0.528801   -0.445615    0.830812   -0.552023    0.562365
    0.782211    0.948362    0.726114   -0.745260   -0.613358   -0.699640
   -0.795535   -0.103969    0.649624   -0.218789   -0.577962    0.072568
    0.657532   -0.033407   -0.097921    0.003504   -0.193891   -0.879264
   -0.420159    0.011581    0.622269   -0.607816    0.329132    0.737481
    0.933288   -0.105582    0.053428    0.911550   -0.957090   -0.732418
    0.308594   -0.725894   -0.313166    0.926661    0.200804    0.282785
    0.227246    0.915205   -0.815216   -0.200403    0.609474    0.534789
    0.155174   -0.756166    0.784570    0.459631    0.506475   -0.571682
    0.518989    0.108862    0.736682   -0.062031   -0.504773    0.544049
    0.044425    0.425962    0.827665   -0.452247   -0.103686   -0.807610
    0.502113   -0.758254    0.659621    0.808766   -0.942510    0.831695
   -0.021770   -0.098738    0.214320   -0.522662   -0.918304    0.432121
   -0.364545    0.221909    0.781137    0.867169    0.859176    0.418231
    0.190647    0.316884    0.919688    0.550116   -0.458472    0.762017
   -0.403492   -0.548747    0.393963    0.797893   -0.562972    0.698464
   -0.595772    0.986939   -0.794107    0.694282   -0.444718    0.985669
   -0.888709    0.246175    0.477930   -0.401137    0.098619    0.642836
   -0.167769   -0.979539   -0.046891   -0.743836   -0.893676   -0.276503
   -0.541319    0.787234    0.372393    0.718870    0.110800    0.606456
   -0.873544    0.430171    0.209799    0.655012   -0.501315   -0.912504
   -0.306126   -0.389613   -0.026177   -0.925762   -0.314700    0.225470
    0.062479    0.974955   -0.546920    0.926997   -0.732331    0.410649
    0.984616    0.105864    0.507356    0.908974   -0.510641   -0.075738
    0.569004    0.326068    0.865332    0.593270   -0.093955    0.186165
    0.881985   -0.006164   -0.060635   -0.532309    0.700348    0.231319
    0.749528   -0.858837    0.965756   -0.152786    0.281631   -0.778206
   -0.274164    0.964543   -0.335746   -0.977382   -0.088973    0.242051
   -0.519468    0.479433   -0.910964    0.893627   -0.069362    0.394141
    0.398118    0.900093   -0.644714   -0.409162    0.993133   -0.118813
   -0.021959    0.543172   -0.615833    0.793477   -0.328571   -0.423601
    0.286086   -0.515202   -0.654206   -0.249977    0.397996   -0.982149
    0.008399   -0.594452   -0.318957   -0.302403    0.663598   -0.760059
   -0.981469   -0.094335   -0.604696    0.918731    0.322905    0.227316
   -0.197116    0.084091    0.402974   -0.529248   -0.868760    0.456708
   -0.538232   -0.991323   -0.988466   -0.880999    0.226447   -0.422253
   -0.996614   -0.750483    0.485147   -0.388206   -0.155862    0.996914
   -0.044507   -0.100929    0.604010    0.379582    0.797530    0.772584
   -0.109341   -0.858681   -0.346231   -0.501077    0.052219    0.472293
    0.010149   -0.965915    0.677400   -0.904710   -0.844039    0.764176
   -0.258729   -0.235856   -0.370797    0.697007    0.836105   -0.149238
    0.750434   -0.618001    0.964797    0.731395    0.461134    0.802445
    0.885271   -0.372620    0.968174   -0.457278   -0.165627    0.610303
   -0.235226    0.301515   -0.042402   -0.105149   -0.233851    0.830223
    0.245142   -0.342859   -0.999606    0.885081   -0.772576    0.113130
   -0.866380    0.564360   -0.459817    0.377651   -0.998187    0.742325
    0.098237   -0.405975    0.131487    0.329059    0.681492    0.736015
   -0.709712   -0.011680   -0.688400   -0.356158   -0.500160    0.605301
    0.235763   -0.645838    0.999390    0.492795    0.947656    0.833701
    0.406632    0.321926    0.586360   -0.232440    0.243806   -0.763685
   -0.746588   -0.385012   -0.073214   -0.476227    0.315004    0.173537
    0.567440    0.938798   -0.311903   -0.014649    0.928958   -0.675831
    0.298696    0.621301   -0.052594   -0.267074    0.097463   -0.029437
    0.636171   -0.692256    0.414314   -0.500211    0.766812    0.713946
   -0.084601    0.090613    0.823148    0.195143    0.719672   -0.843531
   -0.657356    0.352013   -0.561908   -0.054586   -0.679397    0.429913
   -0.864296    0.414705   -0.110701   -0.543857   -0.267499    0.106663
    0.959658   -0.541209    0.539116   -0.335828    0.793031   -0.127481
    0.937115    0.790876    0.559267    0.147202   -0.814562   -0.352906
    0.147036   -0.172544   -0.073407    0.243279    0.014004   -0.808919
   -0.248275    0.414188   -0.300572    0.033096   -0.120906   -0.990674
    0.749012   -0.337149    0.940122   -0.166431   -0.295935    0.389294
   -0.006396   -0.177654    0.804557   -0.889841    0.060638   -0.683402
   -0.593339    0.287977    0.246852   -0.778232   -0.362206   -0.413335
   -0.960225   -0.402390   -0.171591   -0.288291   -0.879981   -0.247847
    0.544443    0.884745   -0.727288    0.285614   -0.548571    0.191341
    0.316061   -0.676120   -0.348961   -0.971787   -0.414112    0.700395
   -0.261712   -0.379871   -0.451326    0.930480   -0.406528   -0.525025
   -0.046187   -0.502430   -0.173996   -0.650273    0.758401   -0.754958
    0.969300   -0.812446   -0.287852    0.701257   -0.760109    0.369409
   -0.779580    0.474324   -0.843410   -0.509720    0.369048    0.372789
   -0.236379   -0.095748   -0.016517   -0.313824    0.563135    0.499938
    0.010942    0.776624   -0.852413   -0.858720   -0.134976   -0.664423
    0.127269    0.253600   -0.514492   -0.503158    0.014426    0.690615
   -0.464795   -0.885722   -0.964203   -0.942297    0.498343   -0.544872
    0.799709    0.264268    0.668231    0.180918    0.264788   -0.050210
   -0.081521    0.462748   -0.156985   -0.705485    0.677989    0.510591
    0.435486   -0.743274   -0.896740    0.006958   -0.229432   -0.190670
    0.345122   -0.004414   -0.228529   -0.957931    0.672229    0.509652
   -0.077521    0.795410   -0.921367    0.771240   -0.193489    0.489724
    0.233652    0.570914    0.470298    0.716059   -0.589814   -0.066588
   -0.460697    0.734398    0.810756   -0.609639   -0.784793    0.499956
    0.655462    0.173472   -0.931392   -0.532139    0.446455   -0.070257
   -0.941994    0.007391   -0.273335    0.596153    0.002234   -0.264745
   -0.264889   -0.964425   -0.240379    0.037057   -0.380815    0.800941
    0.100653    0.910545    0.460106    0.383395   -0.832262    0.449849
   -0.156386    0.821079   -0.936866    0.636432   -0.580674    0.829227
    0.006797   -0.796885    0.343801   -0.703708   -0.676665   -0.610443
   -0.147606   -0.148012   -0.674414    0.618272   -0.159403    0.878735
    0.050840    0.143114   -0.523482    0.613139   -0.228822   -0.011229
    0.073013    0.097389   -0.187029    0.544729    0.373255    0.574252
   -0.910605    0.602578    0.668071    0.538797    0.283428    0.183483
   -0.357773    0.756796   -0.692886    0.424264    0.637331   -0.567486
   -0.943553   -0.808846   -0.219618    0.000827   -0.349053   -0.757362
   -0.934327    0.744538    0.499566    0.227653   -0.745163   -0.256724
    0.948700   -0.845003    0.933080    0.044689   -0.707034   -0.814078
    0.046273    0.079439    0.271355   -0.785327   -0.417173   -0.988948
    0.086735    0.289634   -0.924875    0.680245   -0.197618    0.926107
   -0.232805    0.315781    0.118449   -0.329140   -0.547817   -0.360384
    0.473388   -0.771310    0.402379   -0.793444   -0.698927   -0.977650
   -0.587940    0.657225   -0.687084   -0.580197    0.921636    0.759300
    0.235303    0.781257   -0.442745    0.872777   -0.608300   -0.150489
    0.053412    0.919513    0.584407    0.781720    0.854630    0.542406
    0.835838   -0.088099    0.674833    0.147943    0.752023   -0.481249
    0.709972    0.627845   -0.370615    0.915698    0.101582   -0.891060
   -0.153607    0.038965   -0.480970    0.571671   -0.772714   -0.132996
    0.468207   -0.428906    0.046289    0.020532    0.414387    0.370668
    0.985962   -0.274418   -0.665817    0.387684   -0.366571    0.063317
   -0.770925    0.989009   -0.989882   -0.211421    0.783520    0.344699
    0.153419    0.666748   -0.381223   -0.202103    0.203344   -0.521161
    0.827228    0.472425   -0.608932    0.174235   -0.937378   -0.905328
    0.309583   -0.844961   -0.541806    0.440466    0.731696   -0.532357
    0.761609   -0.044203    0.097869    0.863401    0.984279   -0.556537
    0.609545   -0.628957    0.037682   -0.776327   -0.155655    0.148354
   -0.028164    0.816930    0.422417   -0.717081   -0.682154    0.172811
   -0.076222   -0.751041    0.244310   -0.191197   -0.670975   -0.749621
    0.331577   -0.603586    0.101585   -0.924126   -0.964361   -0.194764
    0.022914    0.789799   -0.849332    0.121657    0.438329    0.752612
   -0.636271   -0.999158    0.975001   -0.110313    0.866870    0.574914
    0.645526   -0.231538    0.394881    0.328786    0.076904    0.562958
    0.958805   -0.039060   -0.545623    0.153226   -0.483670    0.509779
    0.978951    0.681988   -0.753679   -0.485223   -0.650565   -0.393143
   -0.406420    0.934645    0.269704   -0.729518   -0.458820   -0.742909
   -0.510428   -0.145592    0.535101   -0.184547    0.744122   -0.102334
   -0.261441    0.537294    0.636284    0.882337    0.855838   -0.525086
    0.222543   -0.555853    0.697873   -0.941691    0.559271    0.064336
   -0.796175    0.100182   -0.168388   -0.427405    0.563275   -0.364672
   -0.929489    0.534193    0.274150   -0.267765    0.993268    0.693319
    0.232560   -0.197032    0.337279    0.705644    0.275110   -0.998071
   -0.068958   -0.592187    0.050926   -0.366866    0.407773    0.657170
    0.208412    0.187510    0.097105    0.633922    0.752736   -0.845186
   -0.225633    0.476437    0.791530    0.663312   -0.544491    0.749676
    0.703075    0.686607    0.932829    0.644818   -0.438213   -0.251968
    0.133264   -0.448569    0.182266    0.610274   -0.092180   -0.581477
   -0.922805    0.350410    0.020261   -0.534355    0.813349   -0.181319
   -0.107355    0.696722    0.900757   -0.040121   -0.798222    0.798443
   -0.731386    0.565575   -0.718767    0.749249   -0.338975    0.394612
   -0.663510    0.477676    0.451498    0.263484    0.711152    0.727219
    0.295615   -0.070004   -0.729059    0.535016    0.181844    0.125831
   -0.839599   -0.325430   -0.338520    0.361298   -0.794429    0.792811
   -0.034892   -0.605095   -0.586784   -0.197837   -0.444760   -0.000749
    0.241887   -0.410277   -0.059541   -0.600992   -0.810275    0.941933
   -0.954173   -0.501364    0.755173    0.005758   -0.161766   -0.249972
    0.700277   -0.142720    0.191790    0.875030   -0.511290   -0.391258
    0.342048    0.359159   -0.565215   -0.850090    0.404067   -0.589910
    0.442606   -0.490929    0.275919   -0.878176    0.209364   -0.325632
   -0.592554   -0.010410   -0.923758    0.150294    0.263781    0.542897
    0.333827   -0.222132    0.768456   -0.204963    0.533602    0.073423
   -0.143849   -0.034524   -0.580386    0.660019    0.453907    0.355169
    0.615701    0.777042   -0.905695    0.338980   -0.667267    0.990448
    0.131334   -0.964099   -0.274791    0.114060   -0.531988   -0.792109
   -0.479910    0.456848    0.239494   -0.638312    0.427287    0.698447
   -0.366309   -0.992184   -0.387145    0.546353    0.733301   -0.725520
   -0.710020   -0.419593   -0.522321    0.716547   -0.661468    0.484579
   -0.765518    0.361065    0.838621    0.584190   -0.134403    0.577080
   -0.920034   -0.264679   -0.834054    0.186255    0.352198   -0.398886
    0.588092   -0.086555    0.724122    0.301163   -0.292964   -0.886974
    0.234270   -0.469991   -0.257375   -0.584203   -0.634366    0.334424
   -0.121221    0.833820    0.247251   -0.950514   -0.135037    0.408528
    0.676390    0.009800   -0.156924   -0.965212   -0.659600   -0.118047
    0.808500    0.968781    0.056776   -0.133001    0.204657   -0.034627
    0.456080    0.047632    0.851579    0.086415   -0.653923   -0.817367
    0.465950   -0.352557   -0.326243   -0.940706   -0.583372   -0.425975
    0.353695    0.469988   -0.617545   -0.428545    0.712482   -0.309231
    0.340218    0.358112   -0.464117   -0.752577    0.247265   -0.110535
    0.376439   -0.698019   -0.655801    0.140473    0.231594    0.803048
    0.837385    0.635873   -0.494879    0.121558    0.189013   -0.630502
   -0.057077   -0.369041    0.481973    0.814605   -0.764453   -0.556236
   -0.153048    0.188261   -0.786387    0.920543    0.538130   -0.013194
    0.072479   -0.629938   -0.365237   -0.176978    0.825973   -0.359649
   -0.601802   -0.768559    0.268005    0.075954    0.733995    0.171312
    0.786650    0.875789   -0.994142    0.137480   -0.278403    0.594423
    0.911053   -0.005971   -0.937730   -0.893345    0.341188   -0.994311
   -0.542931    0.927903   -0.863993   -0.741203    0.814946   -0.856977
    0.172881   -0.585130   -0.847378   -0.849494   -0.224063   -0.104879
    0.201676    0.194080   -0.797699   -0.065792    0.676575   -0.485520
   -0.361663   -0.291041   -0.082371    0.196768    0.558049    0.130973
    0.836434    0.419493    0.954398    0.167265    0.615260    0.322471
   -0.028630    0.013939    0.744783    0.000139   -0.780621   -0.259561
   -0.301728   -0.684415    0.002657    0.991997   -0.745399   -0.823773
   -0.705448   -0.402870   -0.898545    0.669780   -0.684830    0.841494
    0.003554    0.905866    0.017685    0.487200   -0.470558    0.546245
    0.374272   -0.617654    0.105932   -0.888499    0.742515    0.046980
   -0.127581    0.506521    0.007545   -0.235271   -0.743907   -0.737049
   -0.805292   -0.052118    0.875555   -0.107436   -0.358192    0.990028
    0.042562   -0.497784   -0.809338   -0.157566   -0.223491   -0.290417
   -0.860956    0.838015    0.734119   -0.870255   -0.691858   -0.395415
    0.283724    0.545131   -0.551638    0.744023    0.977717   -0.980174
    0.115552    0.053471    0.392040    0.128758    0.522294   -0.416973
   -0.048485    0.361054   -0.278371    0.054432    0.291993   -0.022598
   -0.937698   -0.510173    0.373544   -0.751596    0.470163   -0.240267
    0.954179   -0.004268    0.575550   -0.625693   -0.731198   -0.855062
    0.762266    0.114595   -0.604732   -0.824080    0.287010   -0.903558
   -0.741948    0.052846    0.206458    0.970105   -0.751868   -0.292948
    0.879369   -0.717255    0.358124    0.151395   -0.131119    0.493015
    0.776251    0.599700   -0.077253    0.581611   -0.310345    0.208226
    0.418668   -0.360338   -0.501446   -0.768835    0.909845   -0.550491
    0.217373   -0.314023   -0.216150   -0.945154   -0.299859   -0.260661
   -0.061356   -0.835338   -0.234089   -0.268212   -0.095652   -0.692110
   -0.957097    0.249788   -0.165793   -0.542347   -0.891097   -0.501667
    0.347767   -0.957877   -0.646349    0.175719    0.491115   -0.266507
    0.307974   -0.012376   -0.253610    0.985448   -0.555962   -0.592766

