    0.354234   -0.343148    0.789212    0.839138   -0.833120    0.439959
   -0.469528    0.058160    0.517218    0.372403    0.868355   -0.394859
   -0.594802   -0.636098   -0.327710    0.537132   -0.946500    0.293614
   -0.859997   -0.758324    0.420248    0.670339    0.932376    0.276368
   -0.160633    0.876205    0.715497    0.196085   -0.218009   -0.796792
   -0.912597   -0.625658    0.936141    0.434236   -0.222273    0.721675
    0.714375    0.742554   -0.188065   -0.053208    0.120508    0.701669
    0.876190    0.106803   -0.528118   -0.021934    0.185501    0.691909
    0.101064    0.412373    0.208021   -0.058178    0.727688    0.747314
    0.721020    0.082313    0.304437    0.340109    0.764764   -0.977807
    0.727563    0.143976   -0.828622    0.606625    0.109055    0.629349
   -0.957561   -0.156705    0.860804    0.353632    0.038143   -0.101593
   -0.579462   -0.169638   -0.257461    0.897932    0.600936    0.187644
    0.424196   -0.719641   -0.411160   -0.024164   -0.762713   -0.148377
   -0.885713   -0.648511   -0.860574    0.181581    0.892929   -0.674700
   -0.036946   -0.591848   -0.202946    0.836957    0.180585    0.913070
   -0.667279    0.329365   -0.022542   -0.632115    0.682388    0.390011
   -0.239053    0.502832    0.111253    0.261408   -0.243013    0.493586
   -0.605512   -0.665342   -0.111584   -0.651284   -0.970080   -0.904638
    0.358100   -0.386419    0.453187   -0.459139   -0.743468   -0.989162
    0.886877    0.175376    0.402659   -0.472043    0.780706    0.404932
    0.733428   -0.797328   -0.153717    0.629445   -0.266456    0.976179
    0.584562    0.233636    0.833706   -0.517425   -0.100643    0.118519
    0.642201   -0.951972   -0.571368    0.988082    0.194877    0.504550
    0.924501   -0.807742   -0.758783    0.280665    0.034342    0.855090
    0.941392    0.182125   -0.861927    0.515487   -0.802740    0.375837
    0.655352    0.711041   -0.290947   -0.480206    0.512064   -0.372379
    0.713416    0.286851   -0.698637    0.487036   -0.015241    0.045535
    0.938328   -0.869134    0.172520    0.230878    0.536178    0.398844
    0.420770   -0.696168    0.075958    0.454510    0.005514    0.733466
    0.070081   -0.393646    0.846503    0.205353    0.378345    0.787948
    0.239156   -0.839346   -0.675663   -0.911290    0.430632    0.820388
   -0.259736    0.461200    0.450772   -0.021448    0.150221   -0.810702
   -0.832511    0.108020    0.034571   -0.920562    0.884125   -0.916000
   -0.792492   -0.470969   -0.202004   -0.377799   -0.318225    0.962018
   -0.245622    0.992186   -0.546485    0.475000   -0.545501   -0.405621
    0.881886    0.339540    0.641472    0.418429    0.028383   -0.249851
    0.800732   -0.805279    0.688016    0.202965    0.665200   -0.836199
   -0.689709   -0.438335    0.196943    0.780220   -0.460409   -0.484719
   -0.836886    0.834959   -0.051842    0.451505   -0.482284   -0.642319
   -0.940417   -0.877771    0.661711   -0.499947   -0.039111    0.043486
   -0.139480   -0.019633   -0.992529   -0.842748   -0.808351   -0.692689
   -0.055797   -0.950057   -0.966625    0.065384   -0.004210   -0.640712
   -0.950449    0.515019   -0.154222   -0.459297   -0.300377    0.507286
   -0.837731    0.344362   -0.245567    0.686763   -0.564945   -0.720396
   -0.658420    0.578368    0.547336   -0.939250    0.267168    0.716300
    0.460684   -0.145809   -0.271571   -0.329211   -0.258899    0.171402
    0.281259   -0.857771    0.391895    0.808380   -0.085523    0.935962
    0.276331   -0.580790    0.371806   -0.820590   -0.213973   -0.323142
   -0.353683    0.751675    0.733148   -0.254554    0.414197    0.234844
   -0.791869    0.249132   -0.968233   -0.759229    0.121738    0.923821
    0.190580    0.324898   -0.454375   -0.638729    0.971018    0.940644
    0.527710   -0.827955    0.099316   -0.233953    0.789950   -0.769774
   -0.265895    0.716847    0.849198   -0.522453   -0.184287    0.051072
   -0.189589    0.618279   -0.452593    0.739512   -0.579913    0.088571
    0.884902    0.836193   -0.482538    0.537205   -0.785442    0.645694
    0.286423   -0.110163    0.376415    0.984474   -0.270707   -0.062839
   -0.294246   -0.321112   -0.275828    0.264997   -0.975350    0.202435
    0.977079   -0.191968   -0.748797   -0.184551   -0.278922    0.663209
    0.797754   -0.040391    0.526291    0.718146   -0.815743   -0.629588
   -0.005611    0.710377    0.742353   -0.608247   -0.159413    0.274286
   -0.956890    0.526440   -0.147778   -0.749914    0.498209   -0.118102
   -0.106441    0.410294    0.981003   -0.187383    0.620272    0.865991
   -0.077398   -0.663873   -0.226038    0.861584   -0.398406    0.606408
    0.082052   -0.028714    0.304397   -0.832855    0.158270    0.393061
    0.531414   -0.694866    0.740309    0.797349    0.608668    0.988136
   -0.303204    0.722945    0.064249    0.010973   -0.698924    0.304405
   -0.952003    0.142023   -0.483077   -0.889594    0.310618   -0.022405
   -0.986504   -0.321447   -0.878766   -0.283875    0.521523   -0.087901
    0.601244    0.564549    0.495847    0.860974    0.711812   -0.102057
    0.196863    0.096484   -0.524848    0.486682    0.210551   -0.518023
   -0.128969    0.642517    0.391605    0.542873    0.757093    0.676528
    0.900737   -0.743274    0.997588   -0.786421   -0.644869    0.129351
   -0.130726    0.367272   -0.728338   -0.475749    0.635862   -0.249126
    0.868086    0.384205   -0.616573   -0.657350   -0.439734   -0.693275
    0.324764    0.602000    0.278556    0.440343    0.884611    0.248860
    0.429836    0.011694   -0.346734    0.839750    0.650754   -0.544243
   -0.302427   -0.309639   -0.485156    0.749636    0.916473   -0.423840
   -0.668810   -0.005349    0.717751   -0.990603    0.731245    0.331256
   -0.803867   -0.975023    0.421449   -0.400181    0.856167   -0.489287
    0.916631   -0.496848    0.686797    0.209141    0.998164   -0.214554
   -0.820189   -0.629083    0.465840    0.376294   -0.229501    0.257479
    0.365042   -0.167976    0.006117    0.207922   -0.768316   -0.475581
   -0.603124    0.666263   -0.891429    0.999244   -0.964140    0.260722
    0.087416   -0.663115    0.112065    0.602868   -0.215539   -0.682245
   -0.231874    0.290190    0.787499    0.888164    0.220661   -0.893201
    0.204675    0.369685    0.355842    0.188579    0.902080    0.911382
    0.632912    0.809221   -0.902829   -0.530363    0.390597   -0.257167
    0.517203    0.080508    0.804391    0.589940   -0.397542   -0.159276
   -0.094182   -0.603869   -0.495776    0.228160   -0.247296    0.959693
   -0.883384   -0.309872   -0.231945   -0.305969   -0.038750    0.714878
    0.736651   -0.197914   -0.640906   -0.479538    0.549614   -0.115877
   -0.867720    0.175667    0.043364    0.499628    0.732292    0.243986
   -0.744667    0.873377   -0.868326    0.859280    0.997500    0.915941
    0.415782   -0.802804    0.875826    0.992667    0.387278   -0.176560
    0.201074   -0.999917   -0.850381    0.627607   -0.107904    0.061162
    0.090172   -0.806069    0.150382   -0.689365    0.319697    0.758189
    0.852973    0.627266    0.635215   -0.766611   -0.566925   -0.356852
   -0.838252   -0.823561    0.038774    0.371477    0.338944   -0.047458
   -0.821379    0.333787   -0.478970    0.380726    0.825328   -0.059715
    0.503282    0.259362    0.250990   -0.604592   -0.387082    0.545194
   -0.286452    0.884229    0.908848   -0.758341   -0.798457    0.632766
    0.807924   -0.466603    0.689460    0.348073   -0.908123    0.894218
   -0.927020   -0.246233   -0.180955    0.101694   -0.222082   -0.830524
    0.335976   -0.644507   -0.607618    0.730158   -0.953692    0.057026
    0.985161    0.836683    0.066959    0.120424   -0.535077    0.790075
   -0.872730   -0.256471   -0.779090   -0.813449    0.796089   -0.097471
   -0.895238    0.100610   -0.810593    0.747547    0.303290   -0.427647
   -0.487626    0.742841   -0.977840    0.828462   -0.510212    0.216783
   -0.530670    0.668565   -0.920265    0.406930    0.120470   -0.365101
    0.111385   -0.990493    0.851880   -0.800130    0.081768    0.977520
    0.787053    0.318653    0.242831    0.461510    0.424363   -0.708813
    0.733749   -0.204393    0.582145   -0.490502   -0.751138   -0.967516
    0.968011    0.604747    0.839159   -0.074947    0.648641    0.083821
   -0.727542    0.535870   -0.498911   -0.155442    0.034572    0.250773
    0.687672    0.703147    0.155104    0.807984   -0.987668   -0.742053
   -0.967249    0.358185   -0.346337   -0.280463    0.739530   -0.789052
   -0.824192    0.695565   -0.647770    0.310837   -0.138748   -0.950457
   -0.290836   -0.493157   -0.586347    0.355137    0.830227    0.629476
   -0.111576    0.807679    0.982634   -0.901873    0.306743    0.400880
    0.964900   -0.183433   -0.232514   -0.230541    0.854545    0.525201
    0.845562   -0.229803    0.898455   -0.022814    0.446189    0.763246
    0.503430   -0.243442    0.099278   -0.008180   -0.682392   -0.057788
   -0.058033    0.298584   -0.283431    0.962151    0.954427   -0.808357
   -0.551854    0.589711   -0.259455    0.987847   -0.610483   -0.064144
    0.816706   -0.460953   -0.749886   -0.232451   -0.901895   -0.307176
    0.353849   -0.650778   -0.129066   -0.621311    0.105304    0.766564
   -0.652953    0.235446    0.943688    0.081209    0.407318   -0.943275
   -0.733110   -0.252207   -0.451456    0.935196   -0.558670   -0.923210
    0.014082    0.252142    0.651219   -0.614324    0.904884    0.939973
   -0.252599   -0.486098    0.136953   -0.821885    0.410426   -0.773654
    0.977492   -0.222345   -0.824338   -0.819076   -0.575450    0.248909
   -0.920245    0.192825   -0.811246    0.818651   -0.536335    0.222920
    0.273276   -0.621855   -0.370627    0.703329    0.689727   -0.131479
    0.957526    0.027738    0.322805   -0.605986   -0.259523   -0.104778
    0.512974    0.778132   -0.307905    0.822667   -0.162281   -0.536781
    0.332722   -0.744696   -0.168209    0.180270   -0.385686   -0.314915
    0.394659   -0.517382   -0.231802    0.786364   -0.122842    0.505934
    0.007335   -0.826633    0.157146    0.045333   -0.872113    0.957282
   -0.978792    0.990191    0.706854    0.005069   -0.006432   -0.280234
   -0.969083    0.969766   -0.899487   -0.588376    0.384858    0.880465
    0.534117   -0.158590    0.312580    0.270398    0.513543    0.992035
   -0.531091   -0.467841    0.463991    0.625420   -0.444265    0.710786
    0.342242    0.758447    0.808958    0.250948    0.560516   -0.408451
    0.285111   -0.016198   -0.685797   -0.886706   -0.859095   -0.899469
   -0.628262    0.226143   -0.902330    0.654953    0.646862   -0.471348
    0.717525    0.229756   -0.482570    0.239492   -0.496453    0.457762
   -0.130755    0.712139    0.152852   -0.515529   -0.882160    0.387233
   -0.152638   -0.191099    0.393724    0.561489   -0.519259    0.852467
   -0.215995    0.940340   -0.110339   -0.925817    0.208823    0.472604
    0.512758   -0.143111    0.859665    0.598169   -0.426132   -0.450054
   -0.979773   -0.301811   -0.493390   -0.304666   -0.461115   -0.727269
   -0.573998    0.570628   -0.800276    0.016217    0.029824    0.973735
    0.020816    0.285006   -0.325042   -0.043317    0.475222   -0.608513
   -0.105103   -0.876334   -0.158656   -0.987564   -0.205867   -0.892085
    0.851413    0.109172   -0.981823   -0.928608    0.163330    0.263283
   -0.768958   -0.923499   -0.695500   -0.151740    0.073448   -0.314494
   -0.311978    0.727175   -0.251085   -0.908777    0.465115   -0.161458
   -0.303432   -0.653009    0.095971    0.306915    0.298653    0.188772
    0.938338    0.233371    0.727234    0.842294   -0.240250    0.783610
   -0.454849    0.512343   -0.169511    0.904187    0.614684    0.917292
   -0.122152    0.150401    0.755860   -0.475726    0.503664    0.139322
    0.942788    0.503372   -0.275007    0.341012   -0.408424    0.611320
   -0.413294   -0.198112   -0.054395   -0.983753    0.290411   -0.091587
   -0.912164   -0.915509   -0.087435    0.983714   -0.483108    0.810510
   -0.916811   -0.458793    0.501416   -0.999272   -0.104641    0.765575
    0.878448    0.728052    0.748041   -0.878364   -0.497126   -0.209399
   -0.437261    0.970679    0.579938   -0.049767   -0.999623   -0.902912
   -0.166753   -0.051618   -0.325017   -0.389672    0.669811   -0.191205
    0.601850   -0.943381    0.515223    0.689741    0.101633   -0.971626
   -0.453462   -0.568463   -0.921720    0.518171    0.817941    0.002907
    0.414263   -0.743112   -0.248087   -0.939224    0.539312    0.971625
    0.147814   -0.154710   -0.572259    0.935428    0.247902    0.149523
    0.051514    0.625580   -0.575086   -0.191955    0.133997   -0.844281
    0.252116   -0.747205    0.449026    0.028037    0.195264    0.852641
   -0.704447   -0.703834    0.974479    0.124338    0.769797    0.366853
   -0.828629   -0.162312   -0.224382    0.587472   -0.739672    0.103425
    0.421628    0.786960   -0.829625   -0.359441   -0.449715   -0.556744
    0.712834   -0.927464    0.271805   -0.157238    0.835805    0.139042
    0.597236    0.722377    0.583564   -0.584576    0.164491    0.447194
    0.965100   -0.909702    0.410094   -0.716646   -0.825617    0.630420
   -0.347907    0.956594   -0.992579   -0.103092    0.888703    0.069275
   -0.478086    0.281653   -0.116437   -0.017870    0.666745   -0.303918
    0.495626   -0.425782   -0.805212   -0.607712   -0.754966   -0.949288
    0.922699   -0.041510    0.241271    0.920028   -0.987542   -0.514397
   -0.893824   -0.176150   -0.738231    0.657028   -0.738833   -0.236765
   -0.381830    0.576167    0.187652   -0.588293    0.163531    0.045055
   -0.046243    0.004172   -0.311330   -0.184812   -0.941720   -0.301967
    0.380949   -0.290918    0.651639   -0.369504   -0.836375   -0.325755
   -0.622346    0.935558    0.594463    0.109718   -0.035278   -0.182751
   -0.359059   -0.054329    0.054664    0.212428    0.335480    0.150727
   -0.601101   -0.955862   -0.806540    0.435428    0.728837   -0.249768
    0.430852   -0.385592   -0.793769    0.749780    0.787746   -0.216118
    0.815508   -0.791584    0.331264    0.300635   -0.827793   -0.287421
   -0.247382    0.561541    0.928863   -0.287152   -0.142306   -0.808824
    0.257649   -0.151862   -0.027243   -0.622432    0.113376   -0.464283
    0.874391   -0.067817    0.382494   -0.974776    0.038600   -0.763300
    0.150245    0.237975   -0.146086   -0.538361    0.226051   -0.485552
    0.295479   -0.840685    0.891053   -0.643676    0.169528   -0.442774
    0.732220    0.219306    0.628589   -0.155575   -0.913904    0.949652
   -0.556822   -0.263323    0.727339    0.220895   -0.710989    0.734535
    0.597358    0.641497    0.857651   -0.477001    0.542307   -0.276569
   -0.393854   -0.511847   -0.639974   -0.581347    0.833518   -0.793773
    0.446621    0.481192    0.996040    0.689383    0.908517    0.127496
    0.224950    0.981697    0.386600    0.071399    0.509703   -0.374193
   -0.334080    0.436233   -0.647047   -0.740156    0.953173   -0.267088
    0.943410   -0.817350   -0.937339    0.048693   -0.997093   -0.875586
    0.531714   -0.336772    0.743566    0.900677   -0.222426    0.342409
    0.634974    0.909593   -0.345751   -0.188396   -0.914642   -0.309531
    0.063715    0.236445    0.724304   -0.586945   -0.439587    0.780297
    0.976163    0.384894    0.545715   -0.123282    0.906061   -0.653195
    0.668508   -0.678901   -0.063380    0.186380   -0.843386    0.666352
   -0.989715   -0.464826    0.533208    0.835072    0.015179   -0.534589
    0.512127   -0.669015   -0.247827   -0.724392    0.802227    0.220472
    0.416391    0.820316   -0.952953    0.049494   -0.667622   -0.579924
   -0.574066   -0.551106    0.630930    0.741307    0.877674   -0.248665
   -0.476478   -0.351537   -0.259877    0.378108   -0.190141   -0.381516
   -0.166048    0.097947    0.658757    0.184882   -0.199123    0.167347
    0.951632    0.460366    0.472940   -0.614577    0.203944    0.342989
   -0.379106   -0.134743   -0.870541   -0.705811    0.579525   -0.747646
    0.823458    0.672515    0.961820   -0.140582    0.335459   -0.241852
   -0.249813   -0.746964    0.814962   -0.506544   -0.129633    0.743348
    0.598950   -0.796940    0.779011    0.152817    0.779797   -0.895482
   -0.173724    0.783163    0.873258   -0.639576    0.595333    0.858101
   -0.530016   -0.989786    0.834871   -0.475781    0.284428    0.011470
   -0.264598    0.310602    0.849692   -0.285422    0.004412    0.252059
   -0.621642    0.189329   -0.647845    0.329693    0.937488   -0.108958
    0.402833   -0.984214   -0.331857    0.990636   -0.511170   -0.669908
   -0.031947    0.396338   -0.014572    0.890370    0.127810    0.637422
   -0.371968   -0.289379    0.623849    0.689499   -0.388174    0.947580
    0.230027    0.657693   -0.674614   -0.408954    0.457728   -0.582666
   -0.238557   -0.169927   -0.179580   -0.666946   -0.630043   -0.116049
   -0.609166    0.329730   -0.004628   -0.077102   -0.213734    0.395092
    0.365875   -0.377601   -0.801046   -0.353457    0.861234   -0.739666
    0.341180   -0.912031   -0.600590    0.054152    0.934171    0.363103
   -0.055279   -0.206540   -0.279731   -0.356250   -0.672426    0.113709
   -0.774695   -0.406671    0.248254   -0.870800    0.838377   -0.958240
    0.809567   -0.208263    0.119084   -0.606922    0.851457   -0.684453
   -0.135335   -0.224687    0.080704    0.867478   -0.641982    0.631894
    0.566930   -0.047645    0.005899    0.909015    0.033964   -0.387541
    0.973011   -0.047718    0.772257   -0.413349   -0.843968   -0.779328
   -0.649960    0.094019   -0.909104   -0.717940   -0.760652   -0.211349
   -0.728545    0.938545   -0.529987   -0.957284   -0.308617   -0.584254
   -0.552852    0.724059   -0.520614    0.041255   -0.604016   -0.116575
    0.171644    0.551288   -0.407228    0.403429   -0.629028   -0.301898
   -0.019259    0.606303   -0.439596    0.715685    0.104706   -0.101961
    0.644545   -0.703754   -0.531317    0.898100   -0.728819   -0.161171
   -0.858029   -0.844111   -0.944210   -0.559214   -0.767662   -0.056629
    0.029067   -0.613809   -0.364440    0.336192    0.106842   -0.431729
   -0.683644   -0.859002   -0.984814   -0.583940    0.668159   -0.912636
    0.771812   -0.554197    0.883393    0.526867   -0.760567   -0.251702
   -0.925113    0.487884    0.451295    0.713816    0.229668    0.673654
    0.159428   -0.134336    0.615620   -0.996817   -0.589855    0.909695
    0.615345    0.513552   -0.018465    0.193603   -0.384627   -0.613883
    0.556606    0.160646   -0.014846   -0.322132   -0.457394    0.147703
    0.895157    0.031192    0.158632   -0.182787   -0.663923   -0.051807
    0.607898   -0.336210    0.876767    0.831857   -0.797939   -0.478321
    0.166094   -0.471812   -0.238395   -0.175219   -0.387663    0.823866
    0.382359   -0.017325   -0.503509   -0.786929   -0.797343   -0.414567
    0.828937    0.987908   -0.308462    0.597000    0.366968   -0.513275
    0.981214   -0.661538    0.175371   -0.424433    0.298755    0.372385
    0.084364   -0.039602    0.933490   -0.755439   -0.516553   -0.443645
    0.028148    0.783514    0.226412    0.404884   -0.092137    0.716418
   -0.337473    0.901091    0.777312    0.699106    0.321738    0.583976
    0.131993   -0.285898    0.690493    0.161779    0.142316   -0.008042
    0.323021   -0.756679    0.688725   -0.293285    0.115275   -0.107158
   -0.313935    0.562038   -0.271939   -0.549680   -0.374226   -0.730452
   -0.039768    0.874426    0.336141    0.627881    0.837866   -0.854458
    0.057654   -0.769663    0.250291    0.471585   -0.987441    0.642197
    0.631057    0.941886   -0.363695   -0.760407    0.493560    0.687640
   -0.910232    0.677349   -0.432992    0.846344    0.358162    0.647499
    0.601316   -0.248669    0.452431   -0.331814   -0.164899   -0.572219
   -0.753250   -0.365555   -0.374969    0.398956   -0.133310    0.114378
   -0.004575    0.732319    0.382265    0.991494    0.437118    0.856304
    0.782027    0.158923    0.844486   -0.585462    0.751497    0.620934
   -0.601424   -0.975778    0.066758    0.940134   -0.575866   -0.641162
    0.915307   -0.373171   -0.222565   -0.308836   -0.192874    0.128934
   -0.227025   -0.219914    0.408427    0.762529   -0.765460    0.858959
    0.565211   -0.406448    0.684584   -0.787833    0.378762   -0.372063
   -0.467672    0.891636   -0.955329   -0.090408    0.735259   -0.465313
   -0.623546   -0.321847    0.089935   -0.405092    0.155015   -0.098683
   -0.941107   -0.384850   -0.751303    0.858172   -0.784218   -0.427680
   -0.220953   -0.486455   -0.170895   -0.488718   -0.341685    0.240594
   -0.406575    0.844138    0.305395    0.695584   -0.512837    0.832043
   -0.132200   -0.533998    0.566911   -0.201489    0.257943   -0.549869
   -0.612997    0.993953    0.929114    0.647298    0.032923    0.614334
   -0.328493    0.694276    0.007135    0.201205   -0.092536   -0.507518
    0.178929   -0.431321    0.078182    0.610885    0.363714   -0.530021
   -0.150295    0.220868   -0.155439   -0.519069    0.957675   -0.448733
    0.859605   -0.885754    0.757930   -0.503941    0.599384    0.274425
    0.382722   -0.683336    0.636317   -0.260444   -0.805443    0.055878
    0.173826    0.172570    0.847587    0.755702   -0.089689    0.546264
   -0.188724   -0.662433    0.442314   -0.685151    0.616167    0.256903
   -0.867105   -0.413507    0.447794   -0.248781   -0.069578   -0.330346
    0.912293    0.619575   -0.265958    0.654901    0.939295   -0.257616
    0.090058   -0.233769   -0.578225    0.001802    0.296634   -0.174155
   -0.180237    0.134278    0.847977    0.466947   -0.798951    0.212010
    0.935671    0.643732    0.837710    0.767598   -0.157096   -0.319515
    0.132102   -0.521702    0.411794   -0.230384    0.084374   -0.944210
   -0.730393    0.974274   -0.047339   -0.341278    0.969844    0.710558
   -0.650890    0.548581    0.224717   -0.228557    0.691950   -0.888772
   -0.595003   -0.993795   -0.062247    0.239441    0.894917    0.841139
    0.606767   -0.874980   -0.583828    0.176740   -0.027780   -0.423896
    0.893112   -0.387301    0.189547   -0.921427   -0.538623    0.546944
    0.257618   -0.397528    0.819707    0.734115   -0.576003   -0.744240
    0.205523   -0.173037    0.297419    0.109923   -0.164491   -0.444059
   -0.034742   -0.541765    0.190732    0.262927   -0.856828    0.928310
   -0.768764    0.165193    0.527082    0.026372   -0.420661   -0.026451
   -0.694116    0.416788   -0.159331    0.175820    0.746623   -0.105104
   -0.814627    0.358900    0.110691    0.904665    0.033437   -0.982558
    0.394435   -0.136878    0.293840    0.654999    0.316470   -0.203559
    0.838614   -0.442241    0.810717   -0.606059    0.375850   -0.914736
   -0.309980   -0.955682   -0.706226    0.558223    0.311715   -0.291253
   -0.114311   -0.237493   -0.394400   -0.170329    0.191901   -0.815846
   -0.096353   -0.866087    0.675358   -0.268348    0.396353    0.138597
   -0.266763    0.542809    0.037965    0.566490    0.216357    0.407694
    0.581012   -0.073089    0.906558    0.855487   -0.508359   -0.388946
    0.577250   -0.634106    0.338102   -0.491261    0.050696   -0.889316
   -0.815629    0.899175    0.101629   -0.180728   -0.946998    0.436230
    0.507656   -0.449112   -0.500187   -0.645439    0.193340    0.082187
   -0.450456   -0.477791   -0.238804   -0.533000   -0.139451   -0.404093
   -0.985789   -0.998466    0.377708   -0.530789    0.160053    0.007604
   -0.477364   -0.644463    0.306774    0.767898   -0.928652    0.914174
    0.206143   -0.045102    0.505967   -0.297773    0.801793   -0.045023
   -0.884841    0.912884    0.408463    0.164603   -0.934905   -0.798469
   -0.420314    0.827116    0.761607   -0.453694   -0.326514    0.198566
   -0.211915    0.036881    0.836955   -0.653010   -0.933669   -0.480983
    0.026994   -0.202293    0.035993    0.252144    0.209047   -0.378953
    0.652312    0.430931    0.807323    0.177191    0.759175   -0.868282
   -0.392086    0.184365   -0.672394    0.089433   -0.416730    0.893906
   -0.638723    0.618246    0.307893   -0.122099   -0.299602    0.615679
    0.373019   -0.902502    0.618404   -0.876071    0.218501   -0.219058
   -0.649564   -0.663668   -0.971281   -0.439256   -0.324403   -0.885279
    0.925332    0.935494   -0.602907   -0.582087   -0.663006   -0.622368
    0.588992   -0.668060    0.277130   -0.957487    0.464790    0.472663
   -0.784842    0.126730   -0.014315   -0.762980   -0.477533    0.357868
    0.365257    0.625211    0.104541   -0.286196    0.661049   -0.895476
   -0.771881   -0.792044    0.185494   -0.942214   -0.054547    0.227104
   -0.204388   -0.318952   -0.734537    0.014350    0.659992    0.897803
   -0.160689    0.632587   -0.572393    0.036813   -0.109848    0.865622
    0.963777   -0.540108    0.796480    0.644362   -0.499549    0.367811
    0.044004    0.705110    0.730379   -0.589393   -0.767308    0.733043
   -0.286971   -0.387459   -0.053263    0.813518   -0.826262   -0.025020
    0.968185   -0.290857   -0.693507   -0.349264    0.083547   -0.822840
    0.386745   -0.908561   -0.084895   -0.878821   -0.668799   -0.927393
    0.409337   -0.687805    0.600983   -0.058231    0.785914    0.832354
   -0.093310   -0.192779   -0.033569    0.034181    0.684159    0.503102
    0.039376   -0.053000   -0.219579    0.732628   -0.029500   -0.643464
   -0.477374   -0.743270    0.882871    0.784305   -0.095098    0.722077
   -0.442125   -0.220370   -0.626272    0.088131    0.932815   -0.673077
    0.828494   -0.242133    0.125412    0.981889    0.396483   -0.308142
   -0.273269    0.379658   -0.251532    0.878067   -0.606445   -0.302163
    0.870562   -0.760604   -0.663352    0.435106    0.956348    0.587121
    0.342233    0.767407   -0.155332    0.199885    0.275395    0.928702
   -0.812650   -0.871217   -0.409996   -0.837176   -0.270895   -0.620359
    0.338312    0.772785    0.684484    0.674563   -0.134463    0.402146
    0.356033   -0.478717   -0.755181    0.886652    0.456566   -0.276075
   -0.481292   -0.005597    0.194757   -0.343365   -0.696031    0.884594
    0.606764    0.389208   -0.612736   -0.421556   -0.318366   -0.298985
    0.062843    0.406806   -0.787513   -0.221595    0.735191    0.511022
   -0.035678   -0.075323   -0.860822   -0.474701   -0.304023   -0.616297
    0.682847   -0.618503   -0.297911   -0.829747   -0.703568    0.442594
   -0.488172   -0.032763    0.734447   -0.219621    0.146336    0.199278
    0.146380   -0.028292    0.499971   -0.387965   -0.945187    0.645694
   -0.871710    0.937779   -0.253497    0.726917    0.871508   -0.383662
   -0.053061    0.262882    0.474601   -0.041061   -0.380240    0.735478
   -0.111355   -0.153260   -0.178388   -0.715883    0.747099   -0.827753
    0.177014    0.948027   -0.334552   -0.799304   -0.043309   -0.059629
   -0.220803   -0.696871    0.546660   -0.277237    0.335871    0.712905
    0.176994    0.210099    0.843597   -0.787476   -0.054708    0.855104
   -0.109573    0.091764    0.679630    0.074564   -0.019917   -0.238256
   -0.166375   -0.114197    0.975971    0.597578   -0.660954    0.741412
   -0.932688   -0.770868   -0.265857   -0.700891   -0.143163   -0.547515
    0.520648   -0.720056   -0.261182    0.289029    0.175559   -0.806249
   -0.532378    0.273388    0.567827    0.280573   -0.891194   -0.064441
    0.191730   -0.578936    0.251385    0.194849    0.993288   -0.700295
    0.880162    0.970124    0.524845   -0.899893   -0.561991   -0.941932
   -0.701619   -0.182914   -0.299961    0.167022   -0.743993   -0.870280
   -0.004973   -0.353092   -0.441064    0.985501   -0.355073   -0.445704
   -0.512351    0.631917    0.748129    0.185026    0.326181    0.500092
   -0.882573   -0.273534   -0.319622    0.806803    0.794576    0.317074
    0.117919    0.841311   -0.715920   -0.787351    0.524127   -0.923002
   -0.078683   -0.172901   -0.889289    0.976132   -0.848734   -0.908446
   -0.665211    0.907072    0.765060    0.953284   -0.005780    0.241552
   -0.104654    0.708541   -0.768607   -0.220984   -0.418600    0.747724
   -0.538192   -0.696196    0.688070   -0.531250   -0.356582    0.533836
   -0.554346   -0.798774   -0.341399    0.159883   -0.478774    0.435695
   -0.563659    0.360718   -0.119365   -0.808338    0.599980    0.922015
   -0.056536    0.846454    0.390990   -0.444029    0.307049   -0.766758
    0.659569   -0.813217    0.749728    0.185634    0.120805   -0.884289
   -0.259671    0.381197    0.388429    0.238807    0.780530   -0.355556
   -0.102630    0.880120   -0.862007   -0.719855   -0.663093    0.924308
   -0.043925   -0.661544   -0.091418   -0.071362    0.800485    0.053787
    0.897937   -0.762963    0.361210   -0.640553   -0.244889    0.448491
    0.594644    0.456832    0.563557   -0.440220    0.651251    0.814045
    0.335365   -0.540221   -0.819497    0.949250   -0.385667    0.548053
    0.707772   -0.861021    0.863982   -0.312823    0.712294    0.974611
   -0.552696    0.879872    0.374338    0.187352    0.407460   -0.048296
   -0.315787   -0.644058    0.270255    0.600680    0.247242   -0.083583
   -0.960920   -0.827265    0.099180   -0.867044   -0.205031    0.576442
   -0.240680   -0.189942    0.295584   -0.324396   -0.758336   -0.012178
    0.132506   -0.671809   -0.547772    0.848967    0.735849   -0.477434
   -0.283685    0.085708   -0.699956   -0.362431   -0.601664    0.644179
    0.220882    0.880466    0.380034   -0.075654   -0.047411    0.355298
   -0.660934   -0.420472    0.095242   -0.097764   -0.716583    0.868348
    0.819142   -0.915711   -0.124548   -0.179628    0.682395    0.268103
    0.673230   -0.805684    0.725655   -0.997090   -0.159809    0.721874
   -0.342886    0.801116    0.364110   -0.842788   -0.898676   -0.292138
   -0.207658   -0.428745   -0.256524    0.337230    0.618487   -0.691390
   -0.118286    0.752057    0.837833    0.599359    0.786713   -0.520293
   -0.563492    0.826926   -0.032972   -0.052288   -0.388149   -0.050867
    0.170727    0.405706    0.077581   -0.177439    0.120702    0.732862
   -0.031585    0.824120   -0.087520   -0.810439    0.301473    0.278270
    0.094210   -0.981152    0.790940    0.533048   -0.464203   -0.849003
   -0.058782   -0.070653   -0.138076   -0.259698   -0.263192    0.362010
    0.139872    0.235434    0.024285    0.965824   -0.208013    0.132976
    0.079086    0.593805   -0.982828    0.444374   -0.164042   -0.630087
   -0.662102   -0.912986   -0.027277    0.311478   -0.091494    0.853077
   -0.060857   -0.013367   -0.325916   -0.580744   -0.379369    0.465707
   -0.994131    0.371219   -0.032701    0.974120    0.386245    0.744132
   -0.718180   -0.679699   -0.914943   -0.003033    0.086462   -0.635969
    0.067065    0.352922   -0.538658    0.800298   -0.810380    0.685511
   -0.410026    0.934995    0.082780    0.387248   -0.607504    0.418968
   -0.567217    0.621575   -0.467905    0.709127    0.772053    0.415760
   -0.112435   -0.283158   -0.890011    0.145947   -0.695167    0.709140
   -0.066473   -0.264785   -0.514762   -0.518299   -0.778496   -0.232565
    0.512424   -0.122220    0.475721    0.724380    0.592891   -0.143843
   -0.236425    0.071121    0.756232   -0.147286    0.203958   -0.000697
   -0.937214    0.522628    0.099543   -0.933096    0.292777   -0.292517
    0.864346    0.053455    0.016318    0.992052    0.134050    0.309895
    0.517945   -0.701221   -0.693288    0.043560    0.114859    0.740003
   -0.828607    0.110106    0.499867   -0.609949    0.629681    0.776593
    0.639407   -0.838569    0.942055    0.405322   -0.399691    0.220981
    0.856979    0.470494   -0.283873    0.195408   -0.504508   -0.911896
   -0.384941   -0.184385   -0.828790   -0.371361    0.442822   -0.454748
    0.352991    0.919906    0.373132    0.739953   -0.032170    0.856259
    0.117860   -0.307415    0.032116   -0.292600   -0.975566   -0.279181
    0.067286   -0.568820   -0.669505    0.345819    0.586457   -0.856867
    0.627558    0.026521    0.738663   -0.666419    0.212357   -0.408735
   -0.196709   -0.250313   -0.619456   -0.532319    0.403898   -0.439674
   -0.180820   -0.879893    0.449585    0.570680    0.903037    0.090891
   -0.708314   -0.313459   -0.372106    0.785277    0.038292    0.596200
   -0.445592   -0.613574   -0.300379   -0.961671   -0.090508    0.150880
   -0.224736   -0.812425   -0.347950    0.304790   -0.911165    0.804664
    0.987575   -0.655366    0.375502    0.238287   -0.279780    0.615564
    0.566013   -0.609104    0.647669    0.087723   -0.444192    0.887753
    0.519025    0.070136   -0.270000   -0.320587   -0.531142   -0.765758
    0.487280   -0.919834   -0.118929    0.585309    0.296735    0.059981
    0.528762   -0.614059    0.932192    0.634451   -0.282625    0.227410
    0.316571    0.532055    0.234359    0.032121   -0.998887    0.739705
   -0.712914    0.156100    0.053351   -0.715188   -0.732846    0.721904
    0.562574   -0.684674   -0.889308   -0.922032    0.609327    0.549085
   -0.126124   -0.761324    0.431834    0.825033   -0.043162    0.433794
    0.165086    0.748584   -0.219947   -0.507168    0.230802    0.574417
   -0.292371    0.642534   -0.459479   -0.361143    0.047153   -0.794705
   -0.186753   -0.521344   -0.145799   -0.861628    0.545003   -0.843172
    0.379523   -0.792907   -0.128766    0.582354   -0.869818   -0.376716
   -0.082521   -0.165888    0.771449   -0.368118   -0.349909   -0.461025
    0.890689   -0.599079    0.756054   -0.913094    0.532743   -0.733482
   -0.785558    0.885322   -0.470997    0.529579    0.821265    0.480092
    0.343535   -0.158412   -0.167004    0.536148    0.037498   -0.448953
    0.371015    0.498243    0.180400   -0.906559    0.866817   -0.603845
    0.452849    0.714107    0.537527   -0.643977    0.409826   -0.838957
   -0.472135   -0.956902   -0.440052    0.979987    0.254683    0.881095
   -0.244858    0.765383    0.288324   -0.671430    0.223021   -0.385715
   -0.517230    0.610096    0.153287   -0.412050    0.387717   -0.200209
   -0.955168   -0.178757    0.606900    0.748465   -0.576539   -0.737671
   -0.733993   -0.660162   -0.289157   -0.536454   -0.897673    0.986859
   -0.994868    0.658415   -0.533913    0.870120    0.342542    0.610195
   -0.805448    0.833192   -0.821509    0.383597    0.429730   -0.499522
    0.211999   -0.954261    0.989615    0.590629    0.764315   -0.540395
   -0.559130   -0.671858    0.874509    0.870056   -0.103100    0.673375
    0.950007    0.556883   -0.010440    0.463510   -0.698162    0.174430
    0.782006    0.102066    0.586471    0.554068   -0.469777   -0.054273
    0.532785   -0.694659   -0.145109    0.361589    0.023441    0.160816
   -0.804977   -0.126301    0.482812    0.271071    0.920547   -0.761242
   -0.726434    0.982697   -0.864515   -0.207555   -0.250205    0.901133
   -0.594890   -0.826322    0.011352   -0.376926   -0.462266   -0.736581
   -0.368287   -0.421591   -0.805753   -0.925442    0.243028    0.062589
    0.465879   -0.692260    0.518875    0.198510    0.220909   -0.143568
   -0.012988   -0.902254    0.732149   -0.959082    0.482702   -0.615234
   -0.564355   -0.130537    0.507939   -0.844856    0.168749   -0.752330
   -0.673184   -0.302395    0.780306    0.296141    0.366404    0.839896
   -0.922158    0.346259    0.262880   -0.979503    0.181912   -0.948799
   -0.600420    0.265898   -0.125200   -0.528735    0.817763   -0.849398
    0.641686   -0.789741   -0.888533    0.993202    0.577993   -0.546639
    0.762511   -0.809570    0.354259   -0.012028   -0.342615    0.713660
   -0.105152   -0.801344   -0.111185   -0.282889    0.612484    0.741178
    0.212266    0.162726   -0.554874   -0.319439    0.015610   -0.123597
   -0.644104    0.016486   -0.777848   -0.445260   -0.861286    0.555224
   -0.894470   -0.337833   -0.852531    0.258827   -0.603567   -0.107842
   -0.782766    0.819964    0.952808    0.566818   -0.657383    0.567442
    0.350188   -0.486330   -0.120785   -0.681427    0.788857   -0.719359
   -0.509501   -0.122897   -0.747520    0.002389    0.990430   -0.428474
   -0.040327   -0.714506   -0.910103    0.975034    0.002585    0.317461
   -0.596412   -0.937506   -0.296824    0.651405   -0.051877    0.459999
    0.027532    0.340127    0.470088   -0.046058   -0.533986   -0.304668
    0.794698    0.447759   -0.558272    0.726700    0.120184   -0.285559
   -0.094767    0.619838    0.226217    0.462828   -0.012350    0.397450
   -0.423916    0.503853    0.347030   -0.142929    0.566822   -0.910339
   -0.909800    0.624148    0.735155   -0.021977    0.168088    0.644605
    0.120575    0.288037   -0.336600   -0.734896    0.151266    0.762184
   -0.461545   -0.725675   -0.074317    0.004541    0.620653   -0.722830
    0.241079   -0.909976   -0.053341    0.796776    0.849833    0.633283
    0.975601    0.754169    0.298606    0.776051    0.794179    0.721346
   -0.342803   -0.820471   -0.761253   -0.221603   -0.758199    0.799951
   -0.834593    0.024467    0.455358   -0.753773    0.986963   -0.511299
   -0.001208    0.138917   -0.059885   -0.623425   -0.148149   -0.823897
   -0.926285    0.224902    0.399199    0.226473    0.549413   -0.486853
   -0.312694    0.506020    0.118460   -0.459486    0.186902   -0.496629
   -0.557722   -0.405068   -0.517701    0.896382   -0.994505   -0.103671
    0.097719   -0.834263   -0.987057    0.692520   -0.061233    0.525628
   -0.369353    0.781208   -0.707666    0.087811    0.432869    0.073721
    0.501594    0.683663   -0.718029   -0.847174    0.688155   -0.984760
   -0.995075    0.908596    0.987336    0.771924   -0.015948   -0.190629
   -0.559645   -0.937399   -0.375404    0.547501    0.593132   -0.022713
    0.817880    0.238713   -0.989397   -0.008580   -0.360136   -0.266471
    0.623042   -0.590261   -0.848883   -0.114523   -0.379031   -0.189865
   -0.494083   -0.899242    0.695622   -0.089138   -0.516380    0.975289
    0.409961   -0.798310    0.417400   -0.653618    0.159547   -0.304705
   -0.510384    0.744717    0.244560   -0.202916    0.140853    0.950351
    0.115186    0.325578   -0.975174    0.445755   -0.307264   -0.096183
    0.179522   -0.393756    0.567476    0.129504    0.150080    0.788163
   -0.639005   -0.258267   -0.226456   -0.496497    0.581200   -0.825825
    0.874834   -0.843614    0.420825   -0.892830    0.627525    0.082738
    0.748752   -0.493592   -0.246937   -0.628432   -0.729427   -0.465091
   -0.579073   -0.032244   -0.681126   -0.257134    0.594184   -0.882847
    0.856739    0.712394    0.478361   -0.531120    0.305808   -0.393671
   -0.542156   -0.871802   -0.705687   -0.607174    0.093243    0.871004
    0.349342    0.638587   -0.085904   -0.322088    0.623578    0.739158
   -0.736903    0.801367    0.038013    0.322514    0.312058   -0.137700
    0.146813    0.485915    0.253515    0.795806   -0.832579    0.846434
    0.832607    0.682592    0.055389    0.665437    0.488525   -0.884683
    0.732440   -0.137456   -0.646157   -0.054042    0.767969   -0.941396
    0.401400    0.340661   -0.202740   -0.671617   -0.961940   -0.437444
    0.411423   -0.663452   -0.580573   -0.312942   -0.723655   -0.324405
    0.679877    0.976659    0.812395   -0.032830    0.534726   -0.892173
   -0.310742   -0.044813    0.719392   -0.129165   -0.221353   -0.622471
    0.305881   -0.197116   -0.423681    0.224906    0.328663   -0.791102
   -0.331921   -0.967873   -0.134085   -0.852305   -0.976063    0.692237
   -0.408974    0.780866    0.554241   -0.824072   -0.527912    0.127114
    0.813368   -0.093608    0.969603    0.986337   -0.299116   -0.479501
    0.160188    0.978945   -0.640856    0.715556   -0.583801   -0.507979
   -0.769190    0.995037    0.919512    0.279016   -0.817205   -0.269344
   -0.271577   -0.294217   -0.082117   -0.548634   -0.555542    0.545460
   -0.554699   -0.466550   -0.121852   -0.228713    0.672088   -0.518491
   -0.071154    0.707204   -0.494972    0.784352   -0.223311   -0.882849
   -0.231311    0.123306    0.734829   -0.640740    0.046503   -0.812190
   -0.781407    0.940516    0.212294    0.158833   -0.452627   -0.042644
    0.472446    0.071785   -0.470077    0.386493    0.013647    0.422606
   -0.242270    0.489224    0.793430    0.400957    0.940460   -0.378117
   -0.370076   -0.307774   -0.139060    0.379552   -0.840250   -0.701894
    0.611480    0.250459    0.852214    0.408263   -0.312070    0.778241
    0.446591   -0.380147    0.675475    0.447397   -0.797247    0.705218
    0.601623    0.538904    0.203812    0.552268    0.567754   -0.902545
   -0.155709    0.379614   -0.627450   -0.791202    0.519391   -0.542813
   -0.869547    0.175171   -0.746816    0.731287   -0.220085    0.002853
    0.250175   -0.889301    0.066512   -0.966421   -0.210708   -0.467863
    0.293214   -0.075487    0.743056    0.512778   -0.280945   -0.725674
    0.969266    0.038763    0.876734   -0.962169   -0.126766   -0.910609
    0.859195   -0.755096    0.932294    0.117459    0.337882    0.980570
    0.772360   -0.675753    0.903186   -0.964340   -0.953056    0.688836
   -0.888476    0.976223    0.872067   -0.603574   -0.888510    0.359909
   -0.556939    0.649700   -0.176504   -0.303363   -0.291287   -0.584053
    0.882426   -0.569711    0.987996    0.790965   -0.208543    0.324052
    0.456886   -0.131072   -0.766345   -0.190712   -0.065783   -0.787831
    0.379343   -0.041024    0.574517   -0.548868   -0.744816    0.249708
    0.164940   -0.158414   -0.340062   -0.585280   -0.993419   -0.719012
   -0.696934   -0.295117    0.965655   -0.220900    0.189159   -0.574433
   -0.785198    0.226914    0.508525   -0.892182    0.338184   -0.837681
   -0.552113    0.196328    0.848579    0.807697    0.702705    0.128193
   -0.156513    0.142140   -0.151073   -0.023479    0.680638   -0.879077
   -0.867710    0.073595   -0.223423   -0.141642   -0.277315   -0.666485
   -0.531772   -0.372843   -0.672359   -0.174055   -0.121549    0.377169
    0.377650    0.303784   -0.335989   -0.664479   -0.416379    0.949539
   -0.235293   -0.923446    0.427665    0.136251   -0.597164   -0.385574
   -0.795906   -0.850208   -0.780493   -0.909743    0.972525   -0.844164
    0.179268   -0.323241   -0.955787   -0.159911   -0.263301    0.289032
   -0.352529   -0.114115    0.551495   -0.675342   -0.079025   -0.347173
    0.908900    0.941799   -0.776492   -0.655928   -0.590902   -0.785714
   -0.883034   -0.140068   -0.587049   -0.570984    0.630461    0.380230
    0.435665    0.504749    0.609702    0.478408   -0.345328   -0.364784
    0.526845   -0.181322    0.780814   -0.774993   -0.948594   -0.951538
   -0.257544   -0.023581    0.506465   -0.831674    0.872842   -0.099673
   -0.289979   -0.003088   -0.511799   -0.633612   -0.916639   -0.555352
    0.360034    0.736755    0.491935   -0.878857    0.542883    0.681173
    0.138306   -0.455655    0.294429   -0.925788    0.148458   -0.406303
    0.250585    0.255253    0.000876   -0.596919   -0.641359   -0.743137
   -0.337259   -0.620547   -0.471491    0.445986   -0.398890    0.825136
    0.889757   -0.279720   -0.064353   -0.685477    0.570438   -0.360896
   -0.483964   -0.468789    0.990610   -0.346814    0.546538    0.877363
   -0.888864   -0.150591    0.427463   -0.189335    0.322309   -0.814632
    0.074389    0.700598    0.292749   -0.591914   -0.347945   -0.063876
   -0.671652   -0.125499    0.574072   -0.931633    0.373309    0.165756
   -0.837763    0.387112   -0.187556   -0.514090    0.991132    0.166304
    0.238280   -0.730059   -0.224486    0.850817    0.537095    0.011435
   -0.299435    0.488440    0.598909   -0.536431    0.876286   -0.517254
    0.125483    0.725482   -0.328280   -0.281474    0.882261   -0.646268
   -0.201309   -0.146180   -0.512789   -0.836838    0.377944    0.413356
   -0.544662    0.014439   -0.365384   -0.312578    0.743862    0.189670
   -0.739391    0.668542    0.469348    0.144643    0.809886   -0.412633
   -0.453405    0.734125    0.359668   -0.107246    0.257348    0.406455
    0.683378    0.361864    0.735907    0.713085    0.727713    0.776480
    0.009190    0.525791   -0.869944   -0.136238   -0.769461   -0.567039
   -0.973505   -0.540016   -0.394057    0.572989   -0.007931    0.787072
    0.117581    0.062056   -0.027812   -0.066833   -0.288256    0.265995
   -0.837173   -0.938605   -0.711136    0.458776   -0.900819    0.642598
    0.900344    0.840448   -0.246650   -0.059947    0.728504   -0.402119
    0.302215   -0.226716    0.392193   -0.291758   -0.067963    0.703652
   -0.224696   -0.278910   -0.031140   -0.794743    0.566755    0.324171
   -0.319669   -0.914934   -0.179844    0.027410   -0.414593   -0.469326
   -0.270587    0.348967    0.852997   -0.007261    0.033245    0.691812
   -0.029544   -0.728252    0.874549    0.151831    0.332407   -0.900564
   -0.891127   -0.351946   -0.645496    0.914644   -0.254780    0.541614
    0.131278    0.266260   -0.679856   -0.952940   -0.112867   -0.187938
    0.781481   -0.023604    0.735838   -0.018651    0.676696   -0.531441
    0.699286    0.669282   -0.690783   -0.984466   -0.590547    0.463009
   -0.633320   -0.630726    0.152011   -0.499069   -0.756364    0.701760
   -0.991648   -0.658253   -0.040923    0.288259   -0.779067   -0.021263
    0.729794    0.447427   -0.884034    0.226311   -0.907206    0.113355
    0.084970    0.727620    0.509165   -0.178553    0.533901   -0.571352
    0.186355   -0.736686   -0.552570    0.996915    0.996734    0.490568
    0.978205    0.905274    0.615225   -0.645978    0.117954    0.077282
    0.278985   -0.887572   -0.432036   -0.170857   -0.957319   -0.766751
   -0.583948    0.002967   -0.706409    0.231237    0.180388    0.033774
    0.337366   -0.416505   -0.483367    0.306341    0.485685   -0.773411
   -0.788004    0.037561   -0.861882   -0.285628   -0.854956   -0.131416
   -0.985049   -0.983628   -0.510713   -0.053662    0.577120   -0.350814
    0.565553    0.664533   -0.905923   -0.336971   -0.364986    0.078827
   -0.152428   -0.684716   -0.554297    0.565960   -0.849684   -0.053830
   -0.396833    0.614859   -0.595750   -0.348777    0.845901    0.366716
   -0.153953    0.781892    0.392082   -0.203682   -0.685487   -0.326199
   -0.174815   -0.460550    0.545691   -0.744064   -0.862667    0.387450
    0.599168    0.404211    0.115401    0.344212    0.057526   -0.691159
   -0.603291   -0.618437   -0.489502    0.667871    0.845497    0.329780
    0.212205   -0.258150   -0.939656    0.075133   -0.596551   -0.778690
   -0.240535    0.281613    0.002093    0.175416    0.921370    0.710190
    0.854061    0.817322   -0.260951    0.687841   -0.678554    0.776660
   -0.829717    0.363713   -0.592147   -0.004075   -0.601877   -0.313319
    0.774336   -0.438177   -0.667008   -0.429880   -0.291474   -0.429554
    0.698336    0.126909    0.342591   -0.874194   -0.216431    0.044040
    0.044698   -0.328021    0.913516   -0.248596   -0.783718   -0.171800
   -0.851153   -0.776226    0.795359   -0.541637    0.819681   -0.893222
    0.771464    0.587153    0.087924   -0.381028   -0.926788   -0.352716
   -0.152791   -0.805360   -0.933732   -0.818393    0.262112    0.035641
   -0.768522    0.770374   -0.315517   -0.429932    0.941889    0.759169
   -0.577745    0.188267   -0.048365    0.833386   -0.942549   -0.302354
   -0.556886   -0.042322    0.209795    0.692864   -0.583700    0.209148
    0.433269   -0.171632   -0.418926    0.857240    0.983023   -0.703327
   -0.250930   -0.762719   -0.849643   -0.690394   -0.580623   -0.247462
    0.973616    0.301041   -0.864449    0.737066    0.703632    0.183705
    0.686258    0.334211    0.543207    0.109760    0.439525    0.157250
    0.425162   -0.816279   -0.685993    0.414342    0.172211   -0.704211
    0.518706    0.841089   -0.644077   -0.475864    0.251687    0.197883
   -0.245140   -0.877932    0.379053    0.312548    0.192823    0.887452
    0.771080    0.729265    0.606947   -0.818550   -0.583369    0.605565
    0.732459   -0.029364   -0.138604    0.331175    0.614875    0.103212
   -0.925770    0.348151   -0.027964   -0.296698   -0.249047   -0.575622
    0.235376    0.682074    0.695517    0.725626   -0.353998    0.524708
   -0.764068   -0.374699    0.244699   -0.574988   -0.693855   -0.681854
   -0.981291    0.621246   -0.559618    0.672488   -0.244373   -0.263740
    0.077405    0.796063   -0.993225    0.784188    0.009131    0.594158
   -0.573461   -0.119546    0.993075   -0.271320    0.072834    0.750439
   -0.295528   -0.560252   -0.820671   -0.425040   -0.714283   -0.966607
    0.479012    0.535849    0.168412    0.205827    0.828967   -0.997365
    0.664450   -0.810637    0.094827    0.059666   -0.735614   -0.259759
   -0.938615    0.071881   -0.335932    0.034544   -0.282113    0.799804
    0.995913    0.198002   -0.000373   -0.179615   -0.200677   -0.603857
    0.979639    0.806729   -0.653610   -0.680037    0.724097   -0.903442
   -0.945145   -0.336590    0.975083   -0.758845    0.103805    0.106677
   -0.929273   -0.373391    0.585109    0.385768   -0.010604   -0.013847
    0.519560    0.832224    0.092696   -0.237439   -0.761596   -0.130447
    0.141543    0.139660   -0.824974    0.665206    0.665629    0.077397
    0.134275    0.081136    0.233040    0.702557   -0.746902    0.564387
   -0.590506    0.158174    0.277783   -0.985213    0.721755   -0.585368
   -0.512182   -0.012656    0.705064   -0.751887   -0.335474   -0.347293
    0.209406   -0.248613    0.888266    0.903196   -0.378788   -0.110185
    0.803088    0.154132    0.434185   -0.652879    0.611851    0.657242
    0.720636   -0.077753    0.776703   -0.785498   -0.797366   -0.071094
   -0.064000    0.927580    0.648687    0.173226    0.173667   -0.665511
   -0.394213   -0.001974    0.652860    0.473358   -0.538597    0.785028
   -0.562617   -0.143232   -0.681598    0.264669    0.485209    0.885085
   -0.190235    0.581545   -0.540462   -0.728891   -0.584835   -0.457567
    0.701132   -0.418805    0.901021   -0.640880    0.091545   -0.055813
    0.362592   -0.128996   -0.630202   -0.012621   -0.346553    0.837216
    0.987869   -0.498626   -0.328958   -0.003128   -0.878721   -0.584296
   -0.851464   -0.027635   -0.429118   -0.902607   -0.514191   -0.556604
    0.468843    0.356810    0.964605   -0.951473   -0.720379   -0.244098
    0.393339    0.549996    0.422677    0.501426   -0.049750    0.594374
   -0.579400   -0.475067    0.187056   -0.595882    0.921279    0.575132
   -0.740749    0.483678    0.204652    0.252991   -0.396370   -0.590003
    0.298211    0.678504    0.008987    0.628295    0.359743   -0.782870
    0.406249    0.547999    0.256038   -0.245206   -0.695305   -0.467382
   -0.278778    0.250724   -0.824119    0.781756   -0.735502    0.203567
    0.266786   -0.607269   -0.948411   -0.978030   -0.652895    0.804241
    0.412749    0.501092    0.459796   -0.874963   -0.914663   -0.779991
   -0.225171    0.791025   -0.074854   -0.802609   -0.102966    0.076559
    0.084282    0.634172   -0.050879   -0.922486    0.784350    0.579770
   -0.625101   -0.471828   -0.893588    0.614897    0.786581    0.178485
   -0.260517   -0.065077    0.191633    0.847575   -0.100622    0.571326
    0.494753   -0.041110   -0.686541    0.797597    0.224941   -0.379714
    0.212926   -0.307585    0.204928    0.910381   -0.507622   -0.876486
   -0.921192   -0.717869   -0.525676    0.823359    0.703800   -0.179491
    0.507917    0.347964    0.867860    0.303473   -0.103989   -0.549986
    0.858149   -0.480925   -0.431756    0.203821    0.482613   -0.966626
    0.424012    0.911988    0.215350    0.425076   -0.466473   -0.211066
    0.199608    0.925205   -0.099608   -0.202243   -0.901332    0.133128
    0.980117   -0.362388   -0.641326    0.761304    0.537219    0.191876
    0.479034   -0.794499    0.570020   -0.945259    0.663019    0.341699
   -0.538933   -0.514283   -0.857153    0.635368    0.080697    0.427427
    0.664294   -0.475971   -0.610487    0.542563   -0.246545   -0.541617
   -0.169931   -0.675762    0.994021    0.059666   -0.024516    0.934540
    0.735122    0.630683   -0.230003    0.047911    0.725657   -0.165021
   -0.996242    0.963247    0.140180   -0.803898   -0.265221   -0.141322
    0.592668   -0.076953   -0.965942    0.312669   -0.596194   -0.018001
    0.951758    0.393768    0.100275   -0.781422   -0.966488   -0.144477
    0.334341    0.260682    0.678085    0.229990    0.388972   -0.503975
    0.606536    0.607488   -0.386613    0.493313   -0.760761    0.480566
    0.247430   -0.946037   -0.502158   -0.601516   -0.108161    0.356299
   -0.724252   -0.853980    0.571702   -0.151785   -0.740282   -0.031476
    0.323732    0.579278   -0.471047   -0.910794   -0.152136    0.872192
   -0.551085    0.109778    0.454941   -0.546968    0.670003    0.968875
   -0.135609   -0.839039   -0.328893    0.931057   -0.668174   -0.581872
    0.776351    0.872618   -0.932916   -0.882410   -0.175720    0.830073
    0.874570    0.722551   -0.570717   -0.431180   -0.208876   -0.814486
    0.494747    0.708188    0.481946   -0.289012    0.056295   -0.637811
   -0.218234   -0.609641    0.977572    0.645077   -0.646941    0.240957
   -0.657064   -0.596969   -0.962532    0.016946   -0.525503    0.242617
    0.292698   -0.470034   -0.988771   -0.245359   -0.310296    0.326416
   -0.821719   -0.235084    0.924665    0.901710   -0.061317   -0.574565
   -0.826886   -0.113167   -0.053383   -0.401511    0.211923    0.308851
    0.620343   -0.120438    0.408636   -0.324491   -0.978685    0.659450
   -0.706628   -0.619322    0.675141    0.847828    0.918502    0.479490
   -0.276156    0.290794    0.827959    0.624483   -0.060562    0.053027
   -0.068245   -0.480822   -0.838116    0.060665   -0.320046    0.493036
   -0.611558   -0.336246    0.063200   -0.954581   -0.213577    0.680419
   -0.179289   -0.275795    0.208301   -0.169012    0.134269   -0.785645
   -0.733588   -0.293868    0.723972   -0.834159    0.137749    0.800731
   -0.051567    0.270537    0.322495   -0.201732    0.486218    0.709961
   -0.254566   -0.719340    0.524640    0.117069   -0.110535    0.437068
    0.999659   -0.448148   -0.650079    0.492518    0.151264   -0.676356
   -0.623615   -0.800204   -0.798461   -0.363259    0.027963    0.488835
   -0.958678   -0.501805    0.318399    0.346343   -0.889943   -0.681186
    0.744437   -0.296396    0.995082   -0.622784   -0.418883   -0.760492
    0.199014    0.964141    0.787034   -0.185779    0.126277   -0.099373
   -0.584439    0.113251    0.548884   -0.511766    0.056065   -0.384008
   -0.284738   -0.670658    0.876581   -0.825748    0.941312    0.368822
    0.327177   -0.153469    0.012320    0.138080    0.599804   -0.650142
   -0.158943    0.192817    0.907900    0.557662   -0.937417   -0.083926
   -0.756328   -0.399561    0.651823   -0.902198   -0.082558    0.985755
    0.860587    0.844896   -0.482658    0.931286   -0.697746   -0.149472
   -0.572217    0.570367   -0.986845   -0.247958   -0.871104   -0.057474
   -0.304647   -0.807391   -0.160302   -0.197508   -0.437098    0.536279
    0.456785    0.006225    0.283103    0.866684    0.309081    0.067379
   -0.678998   -0.858950    0.659427   -0.296187   -0.179997    0.929251
   -0.632084   -0.224087   -0.209964   -0.089935   -0.831134    0.993031
    0.205747   -0.816536    0.773305    0.697986    0.999031   -0.298864
    0.906588   -0.314010    0.285496    0.066020   -0.239873    0.128739
   -0.926687   -0.973601    0.738985    0.407211    0.954742   -0.649303
    0.096765   -0.177969    0.135884    0.204396    0.682315    0.743291
    0.944078    0.672806   -0.513399   -0.472478    0.850169   -0.629790
   -0.550627   -0.549606    0.421560   -0.330703    0.254474   -0.398563
   -0.486948   -0.184382   -0.227957    0.829602    0.117477   -0.739134
   -0.587138   -0.950819    0.746845   -0.695962    0.160089    0.491449
    0.191675    0.278528    0.840254   -0.486555   -0.702082    0.621358
   -0.340481   -0.467591    0.011330   -0.304801   -0.737381   -0.800974
   -0.875152   -0.044810    0.380469    0.638526    0.678868   -0.205218
   -0.334207    0.501921   -0.622884   -0.530638    0.649997   -0.590240
   -0.070847   -0.770490    0.046199    0.693043    0.232375   -0.519288
    0.572413   -0.809585    0.625670   -0.587632    0.282273   -0.574077
   -0.454213   -0.965631   -0.493461    0.476756   -0.469033    0.858294
   -0.730763    0.244406    0.064027    0.495366   -0.380737    0.628420
   -0.391073   -0.487285    0.303584    0.829990    0.478091    0.502626
    0.148983    0.955211   -0.637243   -0.915511    0.559464   -0.615595
   -0.419332    0.620602   -0.163852    0.699321   -0.308925   -0.994434
    0.600309   -0.167497   -0.748561    0.946912    0.331675   -0.978761
    0.340407   -0.741655   -0.368676    0.265814    0.924693   -0.911972
    0.144017   -0.957991   -0.674213    0.320998    0.759360   -0.899096
   -0.058882   -0.413300   -0.456062    0.776074    0.424984   -0.781155
   -0.923342    0.260262   -0.609156   -0.644457    0.724550    0.731972
    0.296913    0.899574   -0.194347   -0.703945    0.503092   -0.572121
   -0.909825    0.419551   -0.800765   -0.310065    0.552706   -0.421109
    0.551795    0.087673    0.260167    0.227255   -0.857652   -0.153458
    0.994144   -0.233224   -0.866137   -0.640626   -0.425426    0.158176
   -0.035629    0.127538   -0.062482   -0.889562    0.299614   -0.385106
   -0.741611    0.275764   -0.591941   -0.068066   -0.247590   -0.302179
   -0.183134   -0.991807   -0.319481    0.975276   -0.660463    0.029782
    0.879950   -0.942790    0.807961   -0.907354   -0.337462    0.048918
    0.619783   -0.637200    0.192120    0.593857   -0.521043   -0.336180
   -0.565638   -0.417110    0.070577   -0.464036    0.455771   -0.087927
   -0.401818    0.004264   -0.043655    0.983038    0.063484    0.488363
    0.166675    0.280522    0.935277   -0.542840    0.748260   -0.366593
   -0.484081    0.290620   -0.137195   -0.874142    0.740438    0.805570
    0.173612   -0.389328    0.023889   -0.242167    0.353137    0.648984
    0.892844    0.341048    0.094004    0.422563   -0.699478    0.541992
   -0.430821    0.953106   -0.741002   -0.233846    0.453391    0.621019
    0.892740   -0.237349    0.612205    0.464161    0.797606    0.042663
   -0.159907   -0.460774    0.342637   -0.991930    0.554264   -0.187831
    0.105164    0.715905   -0.422273    0.387242    0.889784   -0.196267
   -0.312966   -0.920200   -0.378415    0.810235    0.491015   -0.398032
    0.203693   -0.031402    0.039089    0.735219    0.681040    0.415852
    0.879099   -0.634287    0.241942    0.089818    0.146192    0.037167
   -0.912387    0.678592   -0.061495   -0.141507   -0.986764    0.844305
   -0.910110    0.882530   -0.752493    0.483907   -0.280725   -0.071478
   -0.051208   -0.079079    0.345606   -0.124696    0.821426   -0.876892
    0.149322   -0.717689    0.729612   -0.253292    0.936093    0.001138
    0.540394   -0.464293   -0.819361    0.031567   -0.860987    0.660134
    0.362691   -0.226445    0.195774    0.733568    0.114687    0.537318
   -0.567917   -0.956100    0.883610   -0.681087    0.629032    0.423146
    0.752220   -0.054176   -0.513713   -0.961192    0.310714   -0.804080
    0.621250   -0.983132   -0.925560   -0.261073    0.767358    0.487087
   -0.876514   -0.639882   -0.537895   -0.400037   -0.320598    0.074417
    0.665719   -0.332073   -0.982504   -0.773718    0.409644    0.506375
   -0.053221   -0.691319   -0.270579    0.178806    0.909611    0.874794
   -0.746218    0.672805    0.788242   -0.697061    0.915350    0.087297
   -0.855639   -0.660896   -0.055074    0.384798   -0.292375    0.873816
    0.835628    0.052167    0.519387    0.249707   -0.446909   -0.197709
   -0.584478    0.885958   -0.562717   -0.382068    0.992397    0.909288
   -0.551750   -0.787774   -0.690565    0.209996    0.933541    0.068289
   -0.765950    0.913677   -0.407139   -0.941470   -0.314592   -0.072276
    0.536957    0.262838    0.789380    0.971616   -0.557251   -0.687924
   -0.231128   -0.606937    0.028838   -0.341240    0.425929   -0.273729
    0.406759    0.026776   -0.126168   -0.221581    0.422492    0.835493
   -0.949801   -0.482766    0.456085    0.494271   -0.762693   -0.376103
    0.729408   -0.355514   -0.784555    0.957519    0.602039   -0.086936
    0.968814    0.856606   -0.865350   -0.287453   -0.197279   -0.564746
   -0.638942   -0.271485    0.412264    0.918016   -0.987151    0.408672
   -0.226857    0.792821   -0.715981   -0.875769    0.243844   -0.311353
   -0.194322   -0.815155    0.242735   -0.517584    0.287951    0.376029
    0.376368   -0.749807   -0.539647    0.233857   -0.444918    0.233709
   -0.096415   -0.979709    0.102589    0.402494   -0.885661   -0.784643
    0.137114    0.799232    0.311693    0.539697   -0.600660    0.740346
   -0.151286   -0.526898   -0.880937    0.183490   -0.275844   -0.404390
    0.537984   -0.952398    0.059866   -0.386759   -0.522358    0.523496
   -0.207619    0.569680    0.638356    0.884504   -0.105245    0.050349
   -0.386497    0.236750    0.873583   -0.256590   -0.191557   -0.736809
    0.398904   -0.711803   -0.439424   -0.928595    0.595733    0.238310
   -0.668942    0.115389   -0.832499   -0.680320    0.247493   -0.534817
    0.946288    0.375154    0.693161   -0.881941   -0.568194    0.588207
    0.757782    0.004137   -0.072797   -0.987125    0.057902    0.007523
   -0.211989    0.069396   -0.925891    0.639333    0.029481   -0.898547
   -0.539830   -0.926373    0.815061    0.969451   -0.916053   -0.333037
   -0.449540   -0.062941   -0.209357   -0.209623    0.676416    0.139305
   -0.984406   -0.173612   -0.454606    0.632296   -0.158797   -0.100867
    0.790840    0.108971    0.819635   -0.028797    0.994958   -0.085546
   -0.456909    0.017169   -0.813698   -0.108852    0.519441    0.136177
   -0.819178    0.669060    0.488319   -0.149429   -0.309319    0.215530
    0.339577   -0.315580   -0.325124    0.595539    0.395862   -0.906207
   -0.903243    0.762988    0.762416   -0.154128   -0.153300    0.124582
    0.806809   -0.881830    0.381123   -0.645327    0.490285   -0.863571
   -0.680013   -0.220238   -0.160602   -0.137516    0.048885   -0.979683
   -0.752729    0.179020    0.774458    0.859100    0.726792   -0.744062
   -0.644071   -0.595024    0.833581    0.984202   -0.162168    0.362783
    0.409092   -0.378185    0.708615   -0.006781   -0.460149   -0.309148
    0.959360    0.648364   -0.011421   -0.001672   -0.950992   -0.381371
   -0.912199    0.355909   -0.445755    0.510410   -0.226066    0.319493
   -0.646210    0.335621    0.324040    0.985718    0.026508    0.784860
    0.591017   -0.891091    0.897472   -0.982229   -0.319533   -0.027586
    0.105419   -0.205986   -0.138766    0.660562    0.155292    0.916763
    0.680484   -0.682789   -0.860031   -0.127139    0.941597   -0.777971
    0.837426   -0.815529   -0.803921   -0.112898   -0.077652   -0.143472
    0.767410    0.595669   -0.694620    0.666324   -0.494714    0.366873
   -0.412879   -0.788399    0.968533   -0.990201    0.424166   -0.889617
    0.154750   -0.314503   -0.282240    0.561169   -0.568497    0.535046
    0.143990    0.973920    0.737286    0.226575   -0.124482    0.192360
    0.613146   -0.545232    0.518314   -0.025969   -0.246539   -0.406310
   -0.327509    0.131809    0.876914   -0.533046    0.213966    0.848920
   -0.236176    0.990634    0.983192   -0.268018    0.302867    0.685973
   -0.127258    0.536581    0.154481   -0.644688   -0.186914    0.022513
    0.487162    0.830766   -0.347001    0.959943   -0.590304    0.084261
   -0.530758    0.622309    0.948404    0.445308    0.207065    0.765284
   -0.930588   -0.256750    0.959285   -0.762226   -0.347882    0.575480
    0.346137    0.501465    0.291893   -0.506049    0.770576    0.908015
    0.629484   -0.596351   -0.708794    0.034319   -0.745016    0.568133
   -0.804902   -0.129077   -0.249699    0.625588    0.164117    0.275512
    0.124127    0.342967   -0.554952    0.684189   -0.140456   -0.737240
    0.494649   -0.260327    0.149007   -0.410091   -0.495494    0.237741
   -0.213158   -0.933238   -0.122863    0.140799   -0.228205   -0.283734
   -0.982636   -0.826233    0.766294   -0.153513    0.464356   -0.324227
   -0.150800    0.002621   -0.910016    0.198454    0.254711    0.857293
    0.206810    0.337073   -0.410887   -0.377010    0.225611    0.655945
   -0.249171   -0.166660   -0.947460   -0.172182    0.250609   -0.642664
   -0.302085   -0.175772   -0.467910   -0.991345    0.470685    0.627326
    0.703089    0.083632   -0.827654    0.565844   -0.658397    0.821498
   -0.914039   -0.375276   -0.727545   -0.598024    0.997519    0.191906
    0.260072    0.707935   -0.506297    0.822229   -0.325305    0.004530
    0.545034    0.087815   -0.838077   -0.632439   -0.138391   -0.231781
    0.149756   -0.975331    0.839468    0.514255    0.745205   -0.179613
   -0.816278   -0.120216    0.065581    0.640615    0.514616   -0.872957
   -0.457427    0.898413   -0.365694   -0.332702    0.897908    0.135205
   -0.709056   -0.206773   -0.009689   -0.303675    0.964929    0.583895
   -0.854071    0.626860   -0.126778    0.563842    0.471695   -0.751686
    0.615801    0.571516   -0.997401    0.372498    0.537868   -0.212185
   -0.975051    0.814729    0.464241    0.303790    0.443154    0.653885
   -0.234240   -0.748460    0.027703    0.735012   -0.464773   -0.880745
    0.435122    0.842081    0.427291    0.046434    0.041081   -0.993711
   -0.006667    0.246517   -0.183803    0.166219   -0.029580    0.246143
   -0.514064    0.117807    0.020420    0.411487    0.593229    0.898292
   -0.873777   -0.509877   -0.597674   -0.446705   -0.889488   -0.075625
   -0.142371   -0.357335   -0.066574   -0.924322    0.129098   -0.225385
    0.040786    0.536548    0.703349   -0.127838    0.478823    0.176309
   -0.689559   -0.276323   -0.764334    0.048664    0.653486   -0.211483
    0.686165   -0.476459    0.415135    0.445057   -0.258379    0.499999
    0.975185    0.579448    0.402367   -0.002431   -0.188039   -0.309439
   -0.494779    0.152887   -0.239514    0.270361   -0.217668    0.709351
   -0.094519   -0.803202   -0.192220    0.154474    0.855103   -0.909336
   -0.972425    0.309484    0.820405    0.962638   -0.125561    0.473608
   -0.971142    0.201244    0.462260   -0.774172    0.324889   -0.149218
   -0.578795    0.447949   -0.365440    0.011081   -0.401122    0.109571
    0.438266   -0.305229    0.549736   -0.846217    0.852672    0.441417
   -0.727875    0.908870    0.218390    0.273556   -0.189881   -0.303971
    0.825243    0.878958   -0.136833    0.218466    0.982199   -0.562603
    0.337818    0.899055   -0.649782   -0.493000    0.450579   -0.110232
   -0.101254   -0.162960   -0.461386    0.190107   -0.020616   -0.191343
    0.721826   -0.345748   -0.856731   -0.059767    0.681706   -0.210321
    0.727283    0.639480   -0.866067   -0.195273   -0.373408   -0.340976
   -0.820530    0.770154    0.985922   -0.406237
