   -0.113756   -0.622873    0.326522   -0.389905   -0.713744    0.873205
    0.350887    0.642775    0.206464   -0.941830   -0.924594   -0.331276
   -0.076883    0.116534    0.324646    0.104392    0.060455   -0.862653
   -0.124396   -0.909762   -0.740394   -0.197768   -0.087639    0.146357
    0.234825   -0.462100   -0.087838    0.170234   -0.250327    0.002268
    0.304164    0.206582    0.349753   -0.675163    0.470503    0.474798
    0.050000   -0.475909   -0.534598   -0.360975   -0.459209   -0.387607
    0.859551   -0.382562    0.285405   -0.345040    0.312015    0.206621
    0.024248   -0.355935   -0.244388   -0.776351    0.463845    0.950053
   -0.232611   -0.488678    0.656223    0.468580   -0.663614   -0.373216
    0.810206   -0.925343   -0.412909    0.210268   -0.636900    0.758735
   -0.671808   -0.556081    0.671607    0.914451    0.061453    0.564460
    0.546732    0.395263   -0.597965    0.481635   -0.040943    0.484900
    0.492367    0.071101    0.656451    0.716037    0.875302    0.764912
    0.467272   -0.159514   -0.738327   -0.752832   -0.234173    0.412175
   -0.586004   -0.513050   -0.971711   -0.046072    0.332805    0.013759
   -0.724272    0.633737    0.819877   -0.823063   -0.046086    0.739255
    0.364564   -0.498961    0.553227   -0.838961   -0.082367   -0.110070
    0.058648   -0.228429   -0.508206   -0.937617   -0.860642    0.210198
    0.445796   -0.506770   -0.984673    0.923608    0.084440    0.857811
   -0.857863   -0.366646   -0.832584    0.861808   -0.116298   -0.284954
    0.625490   -0.800928    0.135776   -0.241558   -0.451809    0.511503
   -0.575291    0.934019    0.865014    0.388834   -0.762453   -0.065511
   -0.688992    0.612719   -0.154350    0.137771    0.741605    0.314409
   -0.459301    0.617592   -0.586264    0.838980   -0.318794    0.677586
   -0.743643   -0.328610    0.515121   -0.895504    0.135927   -0.101138
   -0.618788   -0.129944    0.245826   -0.015777   -0.712132    0.302158
   -0.449430    0.498965   -0.589614    0.002694    0.736528    0.953350
    0.838511    0.731049    0.730148    0.776613   -0.707380    0.891388
    0.302873    0.739936    0.734643   -0.766820    0.778158   -0.467667
    0.935796    0.615049   -0.818584   -0.569374    0.087774   -0.257312
    0.275810    0.643795    0.760328   -0.789077   -0.772328    0.878585
   -0.656669    0.895021    0.040301    0.642030    0.768444    0.654543
   -0.239540   -0.651603    0.667988    0.155224    0.962311   -0.020667
    0.302571    0.916765    0.510935    0.046990    0.921130   -0.408148
    0.071862    0.275692   -0.492371   -0.463457   -0.566413    0.291754
    0.049423    0.083669    0.596071   -0.846372    0.884674    0.698452
    0.184730    0.413952   -0.814429    0.086275   -0.908366    0.191945
   -0.384339    0.827202   -0.284601    0.846265    0.149272    0.437033
    0.999485   -0.943530   -0.267356   -0.213394    0.918050   -0.940786
    0.478763   -0.868216    0.443713    0.773404    0.520058    0.654557
   -0.107391    0.800340   -0.334532   -0.890445   -0.174719    0.256001
    0.748240   -0.764014   -0.643908    0.448210    0.458264    0.757039
   -0.085006    0.622581   -0.647011    0.370619    0.260809   -0.115054
    0.592569   -0.889799    0.940579    0.244127    0.736690   -0.805206
    0.762778    0.419978   -0.460727   -0.883874   -0.729125   -0.505461
    0.696771   -0.703695   -0.985263   -0.426367    0.767761    0.681293
   -0.795205    0.010711    0.531789   -0.277685    0.450988   -0.434660
    0.963536    0.804172    0.298506    0.327229    0.650832   -0.420894
   -0.619697    0.195072    0.207954   -0.227559   -0.751495    0.643038
   -0.194350   -0.048536    0.529667   -0.125901    0.434613   -0.785039
   -0.948287    0.550017   -0.009043    0.762157   -0.964121    0.436939
    0.000880    0.498727   -0.366621   -0.197078   -0.081881    0.005474
    0.459717    0.653613   -0.123945    0.294525   -0.991120   -0.591026
    0.472992   -0.185198   -0.729941    0.499388   -0.798235   -0.509784
   -0.488153    0.510123   -0.294640    0.658474    0.012345   -0.901999
   -0.475819   -0.891096   -0.637369    0.402231    0.072223   -0.690847
    0.598754   -0.885023   -0.944047    0.376310    0.243262    0.450036
    0.771054   -0.210420    0.921077   -0.141111   -0.621331    0.640342
   -0.177982   -0.475705   -0.685127   -0.413262   -0.661457   -0.277533
   -0.093822    0.397947    0.269461    0.866365   -0.391325    0.644275
   -0.158446   -0.022941    0.906860   -0.572468   -0.626118    0.921734
    0.399458    0.472128    0.988348   -0.791864    0.519471    0.097401
   -0.229874    0.948159    0.082835   -0.918982   -0.510763    0.346310
   -0.441934    0.760084    0.658208    0.555436    0.826686    0.799278
    0.523944   -0.236082   -0.182919    0.653538   -0.754533   -0.491934
    0.760838    0.834099   -0.711285    0.648937   -0.242682   -0.502201
    0.781827    0.773785    0.410527    0.474316   -0.294921   -0.125893
   -0.782649    0.749360    0.282505    0.454895   -0.117293   -0.524513
    0.995104    0.094088   -0.006539    0.319581    0.801973   -0.138252
   -0.822846    0.099571    0.887335    0.541091    0.390803   -0.076084
   -0.390609   -0.549785   -0.004896   -0.519910    0.567932   -0.892989
   -0.406444   -0.126142    0.421829    0.048717   -0.411288    0.713901
    0.274291    0.666059    0.659293   -0.801467    0.324983   -0.088112
    0.711535   -0.323745   -0.323750    0.655426    0.663222   -0.475987
   -0.659691   -0.324271    0.924186    0.872707    0.011525   -0.804872
    0.932655    0.201574    0.180105   -0.798083   -0.305355   -0.181836
   -0.729772   -0.385894    0.965046    0.301350    0.526841   -0.663890
   -0.177146   -0.233629    0.062146    0.579288    0.240310   -0.518348
   -0.619959   -0.628064    0.215538    0.591590    0.355787   -0.549932
    0.278600   -0.190275   -0.850401    0.441396   -0.706928    0.196832
    0.697679    0.099756    0.157748    0.398737    0.717697   -0.282646
    0.562950    0.703711    0.247861    0.955336   -0.943859    0.864413
   -0.565505   -0.644228   -0.008224   -0.399560   -0.528875    0.060426
    0.084601   -0.768060   -0.564022    0.335214   -0.645586    0.295870
    0.929679   -0.015250    0.076003    0.975016   -0.279504    0.685864
   -0.187472    0.272840   -0.621835    0.375596    0.872128   -0.192742
   -0.629597    0.930103   -0.504337   -0.378240    0.484887   -0.271348
    0.503038    0.379951   -0.843312    0.513276    0.485354   -0.487081
   -0.427785    0.441274    0.306059    0.740769   -0.823236    0.459628
   -0.152452   -0.388938   -0.591094    0.633151    0.499278    0.396726
    0.905209    0.185065    0.943922    0.453803   -0.269253    0.347789
   -0.116933   -0.118910   -0.510259    0.568089    0.570720    0.827478
   -0.157994   -0.710848    0.079510   -0.287504    0.091605    0.102082
    0.428842    0.542824    0.716656   -0.418378    0.284155    0.350239
   -0.970571    0.938842   -0.849520   -0.039833   -0.491041   -0.979815
   -0.581636   -0.444557    0.155036    0.061672   -0.777467    0.162245
    0.900773   -0.237592   -0.723681   -0.089621    0.477651   -0.726313
   -0.659844   -0.859119   -0.341467    0.499399   -0.727313    0.463235
   -0.784681    0.157144   -0.618050   -0.337729   -0.407855   -0.553149
   -0.908120   -0.692904   -0.361979   -0.215335   -0.489330    0.390462
    0.858622   -0.955982   -0.047905   -0.034808   -0.340786    0.664948
    0.565373   -0.606613    0.366721    0.295110   -0.274018    0.809446
   -0.239317    0.700346   -0.160788   -0.522559    0.919842   -0.568839
   -0.433612   -0.374020   -0.897442   -0.917617    0.644266    0.704921
   -0.029609    0.472182    0.045929    0.379610    0.110458   -0.271070
   -0.310362    0.244396   -0.336633   -0.710373    0.797086    0.915624
    0.155134   -0.241933   -0.948239   -0.869508    0.122546    0.388677
   -0.791080    0.917354    0.055724   -0.223604   -0.316099   -0.668056
   -0.603938    0.749086    0.603744   -0.036817    0.640402   -0.601343
    0.265057   -0.605359    0.349003   -0.806646   -0.141287    0.372780
   -0.332907    0.949651   -0.978740    0.083278   -0.767419    0.931981
   -0.740937   -0.701639    0.138727   -0.682150    0.968473   -0.814226
    0.094025    0.622847    0.329562   -0.992737   -0.848482    0.290651
   -0.234762    0.196175    0.217438    0.701703    0.810254    0.469258
   -0.900984    0.836237   -0.580943    0.859022   -0.260639   -0.813086
   -0.173164   -0.801250   -0.277523    0.806013   -0.763076   -0.663640
    0.231319   -0.995656    0.853385   -0.094628    0.971973    0.884607
    0.865400   -0.699538    0.491070   -0.165578    0.418697    0.304756
   -0.178973    0.921498    0.836138   -0.893485    0.621625    0.248844
    0.365745    0.144420    0.261287   -0.965066   -0.956334    0.502968
   -0.665993    0.070312   -0.510839   -0.207674    0.732271   -0.945307
   -0.340094    0.638464   -0.923402    0.497989    0.823446    0.547886
    0.866994   -0.209494    0.980377   -0.360014    0.202532    0.107657
    0.709695   -0.005324    0.890037   -0.140944    0.277145    0.491271
    0.080927    0.613039   -0.736588    0.007188   -0.879583   -0.799445
   -0.156017    0.656045    0.181659    0.619278    0.406132    0.325674
   -0.339449    0.428532   -0.359079   -0.765998    0.458212   -0.853367
    0.818233   -0.417129    0.479573   -0.625876    0.513883   -0.792373
   -0.063544   -0.439018    0.867154    0.467857   -0.345502    0.926318
   -0.463146   -0.548390    0.792943   -0.162132    0.236254    0.487676
   -0.965189    0.397509   -0.962681    0.974201   -0.644204    0.723743
   -0.666663   -0.548169   -0.105955    0.228441   -0.246415    0.304201
   -0.529143   -0.798132   -0.625935   -0.156137    0.253877    0.473734
   -0.828291   -0.127817   -0.691683   -0.153613   -0.378958   -0.587974
   -0.964989   -0.026789    0.305994    0.371284   -0.739266    0.563366
    0.655947   -0.544039   -0.654024   -0.596950    0.597980   -0.078005
   -0.801120    0.021598    0.538252    0.131914    0.819617    0.894620
   -0.379736    0.077988    0.709693   -0.391835   -0.106470   -0.287947
   -0.607817    0.999669   -0.343845    0.484560    0.863100    0.266874
    0.181517    0.411445   -0.301856    0.215777   -0.456110    0.730567
   -0.025871    0.149120   -0.307928    0.050441   -0.185258   -0.697943
   -0.206195    0.864585   -0.703748    0.220101   -0.450308    0.035728
    0.159429    0.771528   -0.604321   -0.551850    0.008580   -0.580878
   -0.082517    0.477545    0.942380   -0.238195    0.957225    0.013035
   -0.048631   -0.756268    0.883518   -0.360906   -0.507767    0.633127
   -0.040214   -0.997312    0.320388   -0.071774    0.003903   -0.787375
   -0.371185    0.709611   -0.780538   -0.117131    0.767150   -0.237151
   -0.150654    0.944093   -0.930095   -0.585284   -0.827007   -0.513599
    0.790217   -0.579366   -0.307368   -0.862276    0.861799   -0.321784
   -0.570992   -0.914230    0.198665    0.034700    0.681683   -0.651237
   -0.012118    0.045623    0.989249   -0.295819   -0.757357   -0.155578
    0.155918   -0.871270    0.105922   -0.936215    0.884976    0.329873
   -0.768457    0.609959    0.975889    0.569497    0.963528   -0.690500
    0.534995    0.082810    0.838340    0.723951   -0.649049   -0.303951
    0.112797   -0.696665    0.053246   -0.401106    0.339399   -0.285777
    0.308828    0.820154    0.817213    0.993095    0.245895    0.394511
   -0.512545   -0.733166   -0.636867   -0.512958   -0.800761    0.028868
   -0.418186    0.975259   -0.213643   -0.666794   -0.869245   -0.951515
    0.781426    0.707830    0.698027    0.458829    0.748963    0.761463
    0.211214    0.104375    0.262529   -0.010607    0.242526   -0.373735
    0.996880    0.419248   -0.547512   -0.568767   -0.366731   -0.157963
   -0.021225    0.261354    0.719238   -0.480069   -0.484391   -0.041601
    0.904756    0.927044   -0.602275   -0.846320    0.837068   -0.934684
    0.583006    0.498061   -0.942113    0.690575    0.973854   -0.424548
    0.310607   -0.015401    0.531891    0.007933    0.789791    0.378864
   -0.770380   -0.720562    0.251492    0.898572    0.759812    0.384261
   -0.331435   -0.205572    0.351650   -0.756704   -0.306137   -0.363324
    0.997916   -0.961302    0.626125   -0.980596    0.636012   -0.298408
   -0.135380   -0.056228    0.677151   -0.999276    0.616578   -0.347492
   -0.498239   -0.605281    0.585651   -0.840755    0.605171   -0.794985
   -0.051543    0.118162    0.456592   -0.227890    0.098456    0.027312
    0.043773   -0.551257   -0.982686    0.644404   -0.525446    0.999608
    0.703837    0.955238    0.968298   -0.151660   -0.266347    0.091308
   -0.906631   -0.663308   -0.325220    0.705893    0.315696   -0.061530
    0.931438   -0.718766    0.439587   -0.173694    0.402620   -0.479656
   -0.716115   -0.026916    0.225331    0.446769    0.316696   -0.137942
   -0.772831   -0.997375    0.459095   -0.710145   -0.902194   -0.715267
   -0.322878   -0.660185    0.413428    0.364375    0.535118   -0.090065
   -0.454262   -0.330538   -0.414266    0.575590    0.154579    0.307732
   -0.921790   -0.411507    0.793846    0.551467    0.085719   -0.688655
   -0.695922   -0.776078   -0.592939    0.490564   -0.413872    0.347318
    0.665183    0.233992    0.518568    0.295487   -0.505733   -0.143860
   -0.950440   -0.600609    0.692138   -0.833949    0.979841   -0.842260
   -0.721358   -0.484677   -0.160324   -0.450108    0.414499    0.467059
    0.377379    0.891637   -0.571640   -0.918622    0.978359    0.884204
    0.616876   -0.038268    0.554970    0.819283   -0.747614    0.831297
   -0.629130   -0.750051    0.774515    0.906266   -0.457694   -0.935650
    0.507170   -0.735225   -0.893695    0.048590   -0.273777   -0.155083
   -0.351461    0.762929    0.903600   -0.251909    0.856282    0.212407
   -0.827143   -0.759945   -0.018772    0.953454    0.432186   -0.850464
   -0.677556   -0.501161    0.740330    0.159883    0.361550   -0.282894
    0.583421    0.360669   -0.946409    0.859995    0.487965    0.737298
   -0.602187   -0.845662   -0.218758    0.556836   -0.791071    0.834327
    0.655742    0.224838   -0.753042    0.783752    0.261968   -0.227157
    0.395011    0.892502    0.549714   -0.603653    0.176213    0.805446
    0.622267   -0.872330    0.789799   -0.666798   -0.174888   -0.300734
   -0.597979    0.064229   -0.766743   -0.481968   -0.088362    0.216380
    0.334858    0.195749    0.145063    0.368859   -0.937437    0.847362
    0.412768    0.116554    0.433632    0.822845   -0.374045    0.137923
    0.193526    0.552344    0.149498    0.882521   -0.277302   -0.284911
    0.607828   -0.702600   -0.655174   -0.238141    0.910094    0.273268
    0.765312    0.051980    0.681861    0.081735   -0.840403   -0.031473
   -0.076185   -0.508060   -0.672116    0.288642    0.963829   -0.666929
   -0.070735    0.553590    0.362697   -0.666204   -0.766208    0.123779
   -0.243970   -0.917338   -0.252134   -0.986098    0.619247    0.133099
    0.336689   -0.487502   -0.688313   -0.921194   -0.454689   -0.071063
   -0.136629   -0.584345   -0.267913    0.949840    0.895391   -0.615298
    0.449166    0.272643   -0.382090   -0.955891   -0.080925    0.902774
   -0.405262   -0.568236   -0.154489   -0.266782   -0.287806   -0.854730
   -0.163103   -0.929573   -0.427021   -0.531798   -0.450226   -0.149889
   -0.199872    0.234184   -0.624638    0.003825   -0.837850    0.961740
    0.389508    0.283979    0.428447    0.217091    0.464947    0.922203
   -0.155879   -0.745315    0.753026   -0.829895    0.258907   -0.911366
   -0.982416   -0.563545    0.246380   -0.643849    0.253502    0.758062
    0.268065    0.636248   -0.616293   -0.582260   -0.448068    0.760688
    0.229677   -0.001460   -0.702081    0.666266   -0.924629   -0.740611
   -0.726579    0.608441   -0.282146    0.491079    0.591851    0.520660
   -0.443104   -0.300593   -0.080443    0.868235   -0.308003    0.466341
    0.591757    0.994034   -0.496050   -0.523281    0.834611    0.414615
    0.322900   -0.198073    0.712769    0.298695    0.524296    0.401312
   -0.128841   -0.007479    0.467195    0.682833    0.951935   -0.666807
   -0.829684    0.936312    0.936476    0.070653   -0.055002    0.040829
    0.189578    0.923056   -0.987682    0.095678   -0.220689   -0.939750
   -0.015854    0.911039    0.741919    0.518033   -0.892117   -0.677253
   -0.600108   -0.505712   -0.155087   -0.396873   -0.099297    0.898691
   -0.461747   -0.794151    0.831952   -0.662995   -0.613319    0.155086
   -0.488469   -0.839105    0.962159   -0.291214   -0.141619   -0.588480
    0.917773    0.798429   -0.489769    0.084771    0.378430   -0.691491
   -0.939997   -0.457893    0.469808   -0.588095   -0.055374   -0.452146
   -0.290930    0.309519   -0.241761   -0.408155    0.453222    0.069825
   -0.623206    0.777151    0.142970   -0.491264   -0.254601   -0.118391
   -0.372278   -0.296565    0.273457    0.339464   -0.248568    0.780093
   -0.725663    0.824935   -0.434590    0.323907    0.694069   -0.847950
   -0.985126   -0.266697    0.886885   -0.510080   -0.279713   -0.642178
   -0.637606    0.940134    0.082124    0.852099    0.805021    0.945534
   -0.180105   -0.698125    0.881180   -0.007818    0.433292   -0.714752
    0.906092   -0.524953   -0.801529   -0.575177   -0.937851   -0.997217
   -0.670334   -0.999443    0.874897   -0.915685   -0.624653   -0.792947
    0.851510   -0.007915   -0.219222    0.473614   -0.381484   -0.605651
    0.754415    0.806308    0.494243   -0.071179   -0.302633   -0.096887
    0.358259   -0.299202    0.491237   -0.508595   -0.635239   -0.811401
    0.633659   -0.627854   -0.599225   -0.840594   -0.560731    0.704327
   -0.360552   -0.205005   -0.664990    0.269827   -0.954111   -0.364846
    0.336501   -0.048059    0.165201    0.228274   -0.676151    0.629123
   -0.728739    0.528804    0.714437    0.439033   -0.704823    0.151109
   -0.664849    0.085011   -0.918228    0.354438    0.035313    0.201627
   -0.957105   -0.768171    0.636254   -0.094210   -0.352081   -0.170826
    0.124969    0.206145    0.257952    0.154621    0.889788   -0.553632
    0.967699    0.437918   -0.350684   -0.104674    0.735040    0.105412
    0.353696   -0.867738    0.756855   -0.861377   -0.932834   -0.271386
    0.805461    0.007309   -0.869615   -0.975631   -0.310086   -0.552493
   -0.190147    0.939887   -0.285827   -0.612790    0.234511    0.169741
   -0.972293    0.449584   -0.527221   -0.687168   -0.220782    0.856285
    0.114135   -0.066183   -0.154686    0.254704   -0.697138    0.625320
    0.232798   -0.964401    0.271793    0.642431   -0.918874    0.200084
   -0.911693   -0.276293    0.403155   -0.720187    0.546418    0.287495
    0.527756    0.996375   -0.733516   -0.582137    0.814404   -0.672299
    0.065362    0.897216    0.100987   -0.036586    0.887663    0.122140
    0.894659    0.595084    0.854446   -0.245416    0.999344   -0.016357
   -0.580060   -0.889722    0.012712   -0.804108    0.666351   -0.940197
    0.220729   -0.647620    0.131400    0.014767    0.996125    0.208917
    0.284436   -0.963257    0.216210    0.608414    0.163920    0.407940
   -0.690641   -0.554543   -0.969225    0.754024   -0.135642   -0.662134
   -0.524597    0.225053   -0.180803   -0.143301    0.302705    0.675218
   -0.521673   -0.572244   -0.401992   -0.591377    0.349623   -0.899761
    0.506217    0.578790    0.814134   -0.782057    0.748778   -0.599924
    0.584111    0.209885   -0.196717    0.486828    0.878150    0.576548
   -0.337845    0.565032   -0.797740    0.794074   -0.728401    0.496995
   -0.723228    0.836506   -0.323444    0.930899    0.180697    0.180642
   -0.863120    0.907825    0.206332    0.687108    0.215708    0.618169
   -0.650232   -0.917964   -0.195980    0.742113   -0.785795   -0.973746
    0.894843    0.389034    0.496718    0.117831    0.627537    0.873815
   -0.070769   -0.603750   -0.450704   -0.838574    0.725678    0.875398
    0.724974   -0.277644    0.492092    0.401993    0.962837   -0.955012
   -0.672679   -0.705940    0.903129    0.640179    0.104658    0.911211
   -0.889768    0.788206    0.899341   -0.214039   -0.802921   -0.896679
    0.379831   -0.507904   -0.792793   -0.014562   -0.649149   -0.840128
   -0.157529   -0.945474   -0.729356    0.709841   -0.653775   -0.977635
   -0.482724   -0.919024    0.627014   -0.177706   -0.636592    0.796285
   -0.285235    0.137134   -0.286628   -0.862605    0.079904   -0.524090
    0.371699    0.654450   -0.595714    0.014328    0.359538    0.827639
    0.210305   -0.687517    0.483503   -0.422087   -0.853996   -0.406828
   -0.459624    0.925908    0.102297    0.127959   -0.423888   -0.008581
    0.954493   -0.090295    0.906471    0.806085    0.795163   -0.623716
    0.590199   -0.797270    0.876973    0.258956    0.059759   -0.168361
   -0.662046    0.993083   -0.893136   -0.655267   -0.945858    0.745649
    0.147910    0.078240    0.267576    0.727761   -0.048916   -0.981060
    0.940209    0.133384    0.526220   -0.814455   -0.616955    0.744872
   -0.733695   -0.138819    0.087190    0.196231   -0.256866    0.463549
    0.033467    0.727598   -0.627019    0.809910    0.455892   -0.792655
    0.375927   -0.789496    0.760238    0.518282    0.482234   -0.483926
    0.376510    0.517937    0.432518    0.886848   -0.584385    0.514520
    0.104607   -0.911775    0.020178    0.229038    0.820069    0.903994
   -0.844224    0.485060    0.791379    0.351384    0.995051   -0.214291
   -0.255062    0.181206    0.580525   -0.227818   -0.161415    0.446800
    0.881155    0.697601   -0.842890    0.580591    0.524212    0.471872
   -0.870207    0.036667    0.087374    0.092272    0.098189   -0.140706
    0.466506    0.502345    0.835005    0.149296    0.381732    0.733305
   -0.369495    0.977873    0.799374   -0.955515   -0.338005    0.315990
   -0.940915   -0.989846    0.076975    0.389765   -0.810093    0.197044
   -0.630529   -0.886615   -0.746971   -0.266053   -0.126003   -0.497421
   -0.981768    0.169168   -0.795068   -0.062945    0.581263   -0.066554
   -0.240001    0.015867   -0.613550   -0.009520    0.233103    0.929015
    0.715457    0.914074    0.027701    0.446812   -0.363413   -0.136395
   -0.440736   -0.358095   -0.150112   -0.384392   -0.899880   -0.679388
   -0.856010    0.759751   -0.071929    0.190137   -0.401954    0.585107
   -0.540757   -0.189264   -0.468855   -0.412976    0.527398    0.424376
    0.455178   -0.891897   -0.573923    0.792280    0.092235   -0.637738
    0.297499    0.453098    0.388160   -0.832341   -0.082326    0.373238
    0.007881    0.782933   -0.702103   -0.675474   -0.498412   -0.440356
    0.293418   -0.952881    0.739346   -0.658577   -0.599889   -0.686743
   -0.639615   -0.962464    0.321415    0.983703    0.363666    0.600894
   -0.111716   -0.696153    0.336088   -0.718205    0.216632   -0.806592
   -0.991015   -0.071361   -0.730261    0.261788   -0.272402   -0.206787
   -0.394021    0.157539    0.463134    0.541733   -0.053865    0.278065
   -0.355980    0.518383   -0.675071    0.125852    0.987046   -0.360907
   -0.801329    0.677511   -0.869303   -0.864148   -0.604115   -0.277590
   -0.011350   -0.698424   -0.651500    0.678656   -0.438276   -0.437277
   -0.274847   -0.292985    0.112823    0.718161    0.850648   -0.825608
    0.142688    0.637020    0.173841    0.953250    0.736262    0.817746
   -0.727271   -0.716376    0.852702    0.515712    0.077432    0.508654
    0.839190    0.333495   -0.773996    0.450872   -0.806448    0.844867
    0.818806    0.310026    0.784904    0.399050   -0.747356    0.994739
   -0.979675    0.104630   -0.914503    0.958827   -0.556403    0.164848
   -0.300077   -0.654752    0.238405    0.922771   -0.860820    0.460537
    0.464375    0.133864    0.078598    0.973709   -0.369136   -0.858557
    0.219937    0.480580    0.922045   -0.773963    0.627292   -0.323543
   -0.329043    0.495009    0.868044    0.262144    0.605072   -0.808945
   -0.013255   -0.158164   -0.158800    0.087389   -0.155802    0.711301
   -0.947842   -0.979186   -0.927347   -0.893625   -0.718770   -0.794860
   -0.307269   -0.461882    0.551884   -0.497439   -0.917976   -0.088650
    0.464273   -0.662343   -0.311709   -0.648934   -0.648635    0.658234
   -0.157080   -0.822940   -0.695296   -0.726792   -0.318990    0.576038
   -0.134962    0.094297   -0.248969    0.303725    0.327579    0.538463
    0.789122    0.701269    0.556430    0.333608   -0.206195   -0.059027
   -0.103029    0.828615   -0.345269   -0.850385    0.423431    0.829026
    0.280560   -0.507588    0.733937   -0.361442   -0.825178   -0.361778
    0.648870    0.135371    0.144078   -0.654053    0.015212   -0.664112
   -0.351153    0.277700   -0.490613   -0.247250   -0.752099   -0.189293
   -0.713949   -0.964265   -0.979042   -0.104335    0.428718   -0.482428
    0.323706    0.071337   -0.611833    0.190350   -0.663434   -0.804414
   -0.620061   -0.539956    0.802224    0.474366    0.324275   -0.158336
   -0.288863    0.435750   -0.680849   -0.647911   -0.329757   -0.183296
    0.388865   -0.671583   -0.150980    0.882452    0.217616    0.943970
    0.870839    0.417444   -0.686957   -0.538942    0.261618    0.418563
   -0.987563    0.355827   -0.793403   -0.717710    0.330998   -0.721181
   -0.628701    0.195694    0.990076   -0.229973   -0.556546    0.184242
   -0.438124   -0.550035   -0.690786    0.722505    0.694032    0.187378
    0.165140   -0.497454   -0.175499    0.791091   -0.016778   -0.983282
   -0.281349    0.379684    0.137928   -0.375629    0.052372    0.487369
   -0.832922   -0.351014   -0.002977    0.477509   -0.894895   -0.736074
    0.433324   -0.862644    0.238242   -0.566320    0.685503   -0.245177
    0.361468    0.653018    0.959527    0.732978    0.508353    0.007718
    0.054632    0.082170   -0.046813    0.838432   -0.543052    0.623830
    0.008346   -0.945360    0.782266    0.470558    0.490248    0.352398
    0.964361   -0.196879   -0.174000    0.555724    0.374031   -0.834633
   -0.866698    0.755406   -0.101107    0.899751    0.924827    0.836491
   -0.568737    0.822683   -0.772541   -0.354587    0.752486    0.502265
    0.350582    0.378070   -0.947153    0.962085   -0.372255    0.685276
    0.150304    0.210487   -0.355615   -0.996245    0.842337   -0.667531
    0.488545   -0.924816   -0.742009   -0.594623   -0.076175    0.109783
   -0.723549    0.190306    0.580562   -0.075128   -0.823479   -0.821317
   -0.714700   -0.859050   -0.125049   -0.924316    0.820516   -0.801575
    0.277666    0.163060   -0.458479    0.409209   -0.511460   -0.502901
   -0.068911    0.343717    0.964847    0.306375    0.730528   -0.061365
    0.872023    0.708715   -0.596210   -0.408489   -0.253426   -0.841457
    0.574718   -0.746148   -0.173949    0.789369    0.338828    0.852842
    0.792979   -0.470445    0.765147    0.595245   -0.919460    0.951133
   -0.465198    0.566242    0.983969    0.595848    0.070024    0.987401
    0.388980   -0.072326   -0.318394    0.911242    0.722836    0.851972
    0.765776    0.939675    0.137942   -0.228851    0.936792   -0.986931
   -0.531685   -0.265102    0.293578   -0.098188    0.599043    0.599913
   -0.311945   -0.837107    0.922760   -0.968212   -0.079960    0.709688
    0.695630   -0.962550   -0.494002    0.948318    0.963715    0.635419
   -0.452580    0.515501   -0.271151    0.027450   -0.489452   -0.032180
   -0.155411   -0.009222   -0.533901    0.347874   -0.065820    0.701654
   -0.078391    0.431378    0.865626   -0.033632    0.492298   -0.538654
    0.941514    0.080516    0.487783    0.254599    0.330227   -0.642741
    0.576033   -0.165951    0.384810   -0.804699   -0.477179    0.963653
    0.209737   -0.086028   -0.609424   -0.138417    0.972610    0.512847
    0.418754    0.924857   -0.899987    0.079262   -0.823279    0.416894
    0.011659    0.220476    0.154211   -0.536753   -0.633812    0.032483
    0.456642   -0.061625   -0.106230    0.273602    0.090760   -0.894467
   -0.895115   -0.717590    0.921994    0.189033   -0.964410    0.887968
    0.440754    0.615521    0.285129   -0.755308    0.758948    0.143713
    0.918824    0.825040    0.914188   -0.796998   -0.665912    0.104463
   -0.735895   -0.726778   -0.987804   -0.135957   -0.188906    0.432315
    0.238247    0.065719   -0.646886   -0.630356    0.787583    0.213847
   -0.458307    0.807372   -0.128466    0.537475    0.449490    0.755139
    0.029542   -0.201981   -0.579399   -0.428301    0.496407    0.778121
    0.123509   -0.309180   -0.527831   -0.645950    0.719829    0.101123
    0.483634    0.898429   -0.291499    0.866685    0.239006    0.076103
   -0.480409   -0.381113    0.133053   -0.891530   -0.715998    0.530488
   -0.347287    0.823435    0.305525    0.516804    0.186647   -0.237067
   -0.310311   -0.936350   -0.426209   -0.456500   -0.400522    0.447073
    0.968905    0.136289    0.515686    0.569225    0.878216   -0.072820
   -0.752416   -0.080928    0.079172   -0.526628   -0.556081    0.331503
    0.465331    0.648899   -0.621967    0.783893    0.569113    0.346877
   -0.057833    0.263123    0.728949    0.022574   -0.182790    0.090189
    0.583673    0.479577   -0.095670    0.009306   -0.127072    0.929985
    0.073195   -0.931123    0.661561    0.239425   -0.913570    0.312524
    0.748437    0.372879   -0.538435   -0.510205    0.538710    0.354007
    0.946672   -0.351263   -0.694357    0.348951   -0.273806   -0.990072
    0.811739    0.138035   -0.933392   -0.773977    0.111883    0.609862
    0.681575   -0.672802   -0.443037    0.489714   -0.717000   -0.212662
    0.264965   -0.147350   -0.287861   -0.051353    0.215855   -0.492187
   -0.508899    0.292500   -0.820844   -0.884227    0.314066   -0.160629
    0.786475   -0.908114    0.329211   -0.254557    0.203614   -0.933634
    0.494407   -0.425357   -0.235510   -0.778440    0.520290   -0.966723
    0.705322   -0.202965    0.674223    0.698526   -0.596063    0.550746
   -0.895836   -0.793807    0.311309    0.958840    0.169553   -0.053197
    0.984155   -0.716004    0.021652    0.412553   -0.040140    0.262206
   -0.362098    0.730439   -0.688295    0.253979   -0.666378    0.824742
   -0.461921   -0.839387    0.090597    0.429300   -0.411896   -0.467731
   -0.718945    0.537085    0.916541   -0.727475   -0.833556    0.987894
    0.757588    0.763831    0.953068   -0.239841    0.518562    0.554234
   -0.449789   -0.688694    0.080408   -0.535630   -0.727168    0.194844
    0.080727   -0.291317   -0.802092   -0.044131    0.057133   -0.308306
    0.768942    0.779724   -0.916837   -0.841607    0.851156    0.347986
    0.490761    0.741826   -0.692862    0.822747    0.829723    0.055842
    0.158660   -0.459788    0.292070   -0.107622   -0.108529   -0.300266
   -0.577546    0.002702    0.360907    0.732053   -0.439421    0.720067
    0.615242    0.673805   -0.788430    0.179494    0.343648   -0.097891
   -0.877352    0.920343   -0.985805   -0.196561   -0.638487   -0.860830
    0.260969   -0.908901   -0.506139    0.189912    0.585364   -0.253741
   -0.302783    0.729028    0.236558    0.698916   -0.783957    0.336537
    0.698174   -0.210752    0.220816    0.855211   -0.201287   -0.876976
   -0.046903   -0.302658   -0.646628   -0.234872    0.675411   -0.184538
    0.888913    0.008038   -0.177520   -0.536650    0.692733    0.116013
   -0.880850   -0.224508   -0.786405    0.201892   -0.216561    0.960777
    0.251653    0.300494   -0.842820    0.539913   -0.846216    0.944324
    0.521615    0.784664    0.254788   -0.568186   -0.522864   -0.851430
    0.357143   -0.707438   -0.933560    0.015256    0.536151   -0.908753
   -0.087348    0.751279    0.884847    0.019061   -0.739921   -0.171079
    0.697932   -0.859423    0.743942   -0.968576   -0.995893   -0.429127
    0.922821   -0.303081    0.295240    0.585388   -0.945509   -0.181327
   -0.455589   -0.194277   -0.787663   -0.148763    0.245277   -0.765518
   -0.335294   -0.839853    0.137143   -0.879799    0.704638   -0.026241
    0.077874   -0.546207   -0.325692    0.432518    0.485914   -0.333922
    0.174458   -0.919318    0.134807   -0.579653   -0.988583   -0.556964
   -0.735760   -0.337383    0.558486    0.940327    0.315292    0.995051
    0.260863   -0.556157   -0.611147    0.183644   -0.889866    0.736774
   -0.862223    0.086526   -0.248916   -0.485504   -0.907741   -0.428615
   -0.506392   -0.643105   -0.343419   -0.796935   -0.350307    0.571656
    0.835361    0.666922   -0.800861    0.623199    0.616829   -0.819702
    0.243001    0.168978    0.197854   -0.164802   -0.346943   -0.903192
   -0.532369   -0.428058    0.857871    0.971840    0.352551   -0.273718
   -0.095171   -0.264407    0.271914    0.422781   -0.144947    0.231854
   -0.908235    0.162121   -0.916828    0.067188    0.954482   -0.891980
   -0.173878    0.806146    0.529999    0.445459    0.371464   -0.706127
    0.471320    0.312276   -0.739620    0.326438    0.272894    0.075488
    0.050295    0.114561    0.730531   -0.692598    0.122883   -0.093169
   -0.693807    0.404379   -0.982900   -0.067869    0.092442   -0.398197
    0.562056    0.197209   -0.319101    0.450130    0.887848   -0.914469
    0.779241   -0.520601    0.403902    0.451107   -0.019116   -0.591943
   -0.367996   -0.434868    0.103535    0.987316   -0.907326    0.625529
   -0.856274   -0.615909   -0.957706   -0.716372    0.084387    0.350467
    0.977433    0.338745    0.335570    0.487728   -0.052175   -0.573887
   -0.167094    0.210002   -0.765796    0.759930   -0.578197   -0.475236
   -0.323132   -0.281180    0.156655    0.584241   -0.175363    0.850981
   -0.195050   -0.856857   -0.927046    0.332315   -0.849165   -0.765182
   -0.512326    0.844150   -0.730868   -0.755019    0.729862   -0.037082
    0.655456    0.713572   -0.883949   -0.176323   -0.662957    0.064988
   -0.636959    0.564478    0.878167    0.138970   -0.044652    0.783787
    0.304941   -0.277728   -0.422847   -0.084747   -0.524751    0.991427
   -0.610585    0.642939    0.491311   -0.360727   -0.757696   -0.461251
    0.490938    0.535566    0.229720    0.860102    0.261060    0.439347
    0.504387   -0.556911   -0.994436    0.443459    0.667735   -0.266923
   -0.302976   -0.107384    0.148539    0.880965    0.116502    0.629879
   -0.205650    0.659637   -0.942220    0.756046   -0.195059    0.762910
   -0.922351   -0.934806   -0.060773    0.774039   -0.283330   -0.451117
    0.920407    0.258580   -0.421537    0.589492    0.600092   -0.000985
    0.415039    0.901866    0.349492    0.477526   -0.056182    0.386207
    0.475725    0.458652   -0.492718    0.011532    0.315006    0.613419
   -0.638185    0.813842    0.615675   -0.772737   -0.460310   -0.277584
    0.614368    0.561206   -0.787110    0.044184    0.482862    0.036501
    0.723532   -0.781938   -0.340308    0.778924    0.873954    0.178365
    0.074790    0.898840    0.580261    0.805806   -0.410333   -0.698297
   -0.873167   -0.957162   -0.337669    0.101535   -0.001930    0.118180
   -0.799099    0.221024    0.554555    0.617338   -0.072540   -0.305386
   -0.092807   -0.193825   -0.727290   -0.632924    0.713387    0.084827
   -0.152034   -0.034068   -0.631625    0.434445    0.289092   -0.325291
   -0.431648    0.961197   -0.385555   -0.140969    0.298253    0.660593
   -0.035769   -0.958094    0.299910    0.801152   -0.300565    0.165955
   -0.011692    0.337346   -0.356467   -0.904199   -0.201572   -0.269182
    0.968968   -0.550966    0.901673    0.784883   -0.236479    0.373353
    0.815801   -0.988942   -0.046632    0.497364    0.557715    0.579057
    0.925733    0.980283   -0.927513   -0.485623    0.080970    0.115580
    0.781163   -0.508970    0.674338   -0.570319   -0.656128   -0.631043
   -0.579980   -0.284624   -0.764419    0.698587   -0.343917   -0.691108
   -0.097674   -0.517191    0.137981   -0.241356   -0.627398    0.601809
    0.064330    0.811514   -0.435489   -0.109484    0.918102   -0.910804
    0.309354   -0.571846    0.137962   -0.378284    0.707568   -0.644937
    0.990284    0.325178    0.861704   -0.374307   -0.520853   -0.912321
   -0.746834   -0.685312    0.692557    0.732854    0.866813    0.224746
   -0.517495   -0.012152   -0.594360   -0.515834   -0.615969    0.303999
   -0.742268    0.439407    0.384988    0.095599    0.247760   -0.917409
   -0.648656   -0.704500   -0.742504   -0.385715    0.573214   -0.645554
   -0.176546    0.528566   -0.335116    0.380120   -0.170189   -0.044042
    0.815765   -0.578303    0.308600   -0.330040   -0.185736   -0.360844
   -0.339868   -0.695195    0.216372   -0.314371   -0.328246   -0.220113
   -0.866435   -0.801514    0.375783   -0.381760   -0.177909   -0.720167
   -0.466251   -0.202563    0.611042   -0.158165   -0.384599   -0.052303
   -0.967999   -0.637911   -0.698552    0.646512   -0.707939    0.912422
   -0.101411   -0.736669    0.434945    0.859343   -0.855765   -0.151370
    0.002719    0.053066    0.569953    0.686166    0.858881    0.103600
   -0.304961    0.846080   -0.193823    0.805341   -0.858676   -0.638586
   -0.686590   -0.708763    0.855182    0.072224    0.583539    0.283584
    0.907741    0.584627    0.354432    0.854963    0.123344    0.474051
    0.981234   -0.211386   -0.682576    0.825572   -0.117707    0.950735
   -0.982327    0.809709    0.941359   -0.181647   -0.079411    0.709779
    0.425132   -0.486786    0.063942    0.734175   -0.365528   -0.092625
    0.281948    0.129953    0.804729   -0.801492   -0.788414   -0.115554
   -0.611202    0.605222    0.602137    0.068946   -0.979430    0.200079
   -0.785092   -0.011048   -0.982080    0.847567    0.610916    0.965838
    0.838234    0.024097    0.212267    0.000533   -0.109967    0.919449
    0.749476    0.143220    0.523341    0.239021   -0.015092    0.973354
   -0.595776   -0.351946   -0.456580    0.769334    0.467028   -0.574026
    0.437738    0.748142   -0.342949    0.767840   -0.780040   -0.942298
    0.375383    0.149506   -0.885087   -0.156720    0.030834   -0.313239
   -0.020607    0.095007   -0.699563   -0.214148    0.319936    0.168472
    0.619165    0.162244   -0.937082    0.605595   -0.061228   -0.836824
    0.444024    0.111540    0.159771   -0.560752   -0.394550   -0.477348
   -0.176974    0.849757   -0.651739   -0.231434    0.083044    0.076386
   -0.079842    0.044059    0.297164   -0.651284    0.450863    0.228381
   -0.899501    0.451914    0.559192   -0.837517   -0.898020   -0.334265
    0.616933   -0.218798    0.637247   -0.862242   -0.075586    0.717329
   -0.591140   -0.413710    0.261940    0.510130    0.703643   -0.757068
   -0.869286   -0.407178   -0.086116   -0.744027    0.302507   -0.548254
   -0.286029   -0.264403   -0.228526    0.656680    0.919290    0.632662
   -0.856798   -0.518052    0.313552   -0.003811    0.967434   -0.350313
    0.433683    0.776699    0.810677    0.012014   -0.961156   -0.062540
    0.437584    0.104987   -0.058080    0.336483   -0.195560   -0.610721
   -0.444684    0.873868   -0.053212    0.043509    0.707118   -0.797034
    0.961342   -0.207857    0.214718   -0.898796   -0.435166   -0.643852
   -0.477163    0.716528    0.923970   -0.401967    0.740078    0.074729
    0.294461   -0.562577   -0.439223   -0.098586    0.790086   -0.822892
   -0.987921   -0.487507    0.904667   -0.892407   -0.036980   -0.816862
    0.392079    0.457720    0.001241    0.637384   -0.133408    0.298240
   -0.853787   -0.671917    0.348673   -0.494663   -0.764937    0.639192
   -0.486128   -0.440108    0.498543    0.883640   -0.395279    0.508473
   -0.122572   -0.905031   -0.627159   -0.335512   -0.650988    0.880340
    0.442927    0.164213   -0.678340    0.136975   -0.854465    0.458212
   -0.389737    0.135763   -0.084572    0.329491    0.024890   -0.652286
    0.862677   -0.785795    0.953646    0.211625    0.231387   -0.388566
   -0.522270    0.220772   -0.080768   -0.639827   -0.788524    0.492360
    0.171357    0.288649    0.605551   -0.427479    0.561399    0.551757
   -0.989100   -0.437737    0.699672   -0.842440   -0.867918    0.822492
   -0.954656   -0.765080    0.350527    0.256497   -0.379965    0.956920
    0.437386   -0.054336   -0.183526    0.160954   -0.719411   -0.543198
    0.479370   -0.074323   -0.345437    0.326579   -0.833184   -0.954585
   -0.593606   -0.353563   -0.675736    0.062483   -0.139988   -0.624223
   -0.459498    0.800014   -0.281570    0.596742    0.698623    0.512140
   -0.139862   -0.051708    0.382197    0.763227    0.614140   -0.477154
    0.723188    0.381204    0.948281   -0.261377   -0.641710   -0.404234
   -0.224033    0.448004    0.149762    0.279823   -0.763479   -0.186839
    0.157468   -0.899138   -0.733545    0.860705    0.369678    0.750385
   -0.663485   -0.737022   -0.303278    0.674102   -0.961511   -0.414663
   -0.103244    0.081042   -0.129199   -0.727587    0.121873   -0.735431
    0.252111   -0.944732    0.878300    0.430266    0.024813   -0.154508
    0.883278   -0.917944   -0.396091    0.597341    0.695317    0.385655
    0.457555   -0.511500   -0.382561    0.839767   -0.122580    0.710340
    0.396682    0.141044   -0.318293   -0.413713   -0.531421    0.971633
   -0.065074    0.255373   -0.113868    0.308660    0.865190    0.581399
    0.157186    0.621129   -0.798634   -0.819571    0.703677    0.364751
   -0.550056    0.596899    0.554756    0.155644    0.232734    0.602592
   -0.826390   -0.993619   -0.258538    0.935672   -0.596507   -0.267067
   -0.908129    0.327115    0.908521    0.371130    0.061656    0.414477
    0.712733    0.822721    0.324738   -0.158057    0.456408    0.841122
    0.856221    0.866330   -0.012970    0.718202   -0.047703   -0.803994
    0.717407    0.567251   -0.129809   -0.519991    0.890776    0.877581
   -0.555481    0.172949    0.810560   -0.691433   -0.949873    0.415866
   -0.746156   -0.899604   -0.716800   -0.149062    0.423073   -0.967053
   -0.173058   -0.455901    0.411299   -0.709443    0.054296    0.208999
    0.931575   -0.476663    0.151355   -0.913374    0.803059    0.395504
    0.249704   -0.667474   -0.005841    0.541661    0.085808   -0.468957
    0.504763    0.391392   -0.080778    0.945098    0.595716    0.347224
   -0.902097    0.132443    0.029654    0.164952   -0.547804    0.653238
   -0.193385   -0.047023    0.985731    0.154222   -0.802273    0.538517
   -0.515196   -0.013991   -0.586461   -0.104013    0.849294    0.821156
    0.482977   -0.522101    0.893504   -0.441593   -0.028217    0.563394
    0.744467   -0.611280   -0.982191   -0.224132    0.208573    0.346013
    0.406954    0.638703   -0.491930    0.158064   -0.450248   -0.707243
   -0.472832   -0.396530    0.650695    0.524292    0.481903    0.357657
    0.386896    0.493048    0.559638   -0.691497   -0.859630   -0.463883
    0.710487    0.515943    0.128432   -0.039819    0.710033    0.175151
   -0.812158   -0.959862    0.716745   -0.336921   -0.275467   -0.008015
   -0.013311   -0.354402    0.342748   -0.892782    0.064004    0.246246
    0.989208    0.007007    0.013529    0.560826   -0.773134   -0.615405
   -0.755027    0.999872   -0.927213    0.850972    0.848276    0.192561
   -0.022936   -0.326571    0.765884   -0.618512    0.606342    0.469220
   -0.002311   -0.438075   -0.646460    0.834501    0.410434   -0.024274
   -0.953326   -0.539762    0.590758   -0.012656    0.156352   -0.772941
   -0.380993   -0.045359   -0.875569    0.786653    0.632407    0.050778
    0.169122   -0.196491    0.186893    0.672390    0.142717    0.656660
    0.032136    0.402938   -0.419684    0.305414   -0.125878    0.725593
   -0.606514    0.920302    0.348842    0.596364    0.059965   -0.086246
   -0.857925   -0.889328    0.135661    0.513259    0.352139    0.853941
   -0.109271   -0.132474    0.721221   -0.970536    0.421468   -0.809559
   -0.679082    0.237223    0.443823   -0.365658    0.171142    0.675689
   -0.186337    0.746226    0.952221    0.654472    0.693075    0.333494
   -0.810851   -0.332140   -0.055733   -0.508059    0.313433   -0.506951
   -0.679565    0.976710   -0.632129   -0.002651    0.237633    0.912027
    0.446166   -0.096872    0.155303   -0.469645   -0.237322    0.285858
   -0.310007    0.104930    0.133880   -0.965365    0.215236    0.039029
   -0.902659   -0.686448    0.298591    0.242624    0.930646    0.536619
   -0.234343   -0.083572   -0.744819   -0.604713    0.193282   -0.552905
   -0.492792   -0.192555   -0.494162   -0.714734    0.647423   -0.061050
    0.024050   -0.965717   -0.581250   -0.891782    0.440273    0.259350
   -0.880067    0.586608    0.534165   -0.659685    0.880375   -0.407100
    0.198468    0.277692    0.274564   -0.742802    0.036472    0.781766
    0.237549   -0.930407    0.490301    0.279051    0.003255    0.374776
   -0.449227    0.924142   -0.442527   -0.686952   -0.639823    0.979929
    0.515520    0.155616    0.234906   -0.589329    0.442016    0.143289
    0.588724   -0.609633    0.120281   -0.734919    0.116190    0.613979
   -0.204440    0.662586   -0.867607   -0.429380    0.781666    0.500252
    0.723596    0.618824    0.081365   -0.493300   -0.551474   -0.393950
   -0.823970    0.450030   -0.248925   -0.520619   -0.027450    0.287124
   -0.877221    0.525140    0.532409   -0.745243    0.760578   -0.868672
    0.194057   -0.821840    0.380131    0.111652    0.019031    0.095732
   -0.482233   -0.745010    0.000777    0.721249   -0.539401    0.117047
   -0.043997    0.524774    0.690358    0.028534   -0.097213    0.228750
    0.593740    0.924970   -0.402466   -0.576537   -0.805298   -0.305217
   -0.338673   -0.979641   -0.034323    0.797531   -0.619724   -0.190359
    0.995903    0.852667    0.223283    0.705152   -0.729989    0.792634
   -0.929100   -0.663111   -0.902778    0.442525   -0.332276   -0.829394
   -0.655677   -0.982866    0.179511   -0.558282    0.569512    0.429254
   -0.961378   -0.806627   -0.897825   -0.517077   -0.795551    0.147062
    0.712011   -0.358520   -0.069049   -0.836101    0.138637    0.874898
   -0.866313   -0.875575    0.612936   -0.888920    0.563518   -0.165967
    0.418126   -0.670234   -0.819640   -0.690692   -0.906384    0.101680
   -0.623806    0.216709    0.451605    0.289713    0.315765   -0.023837
    0.838972    0.095712   -0.665525    0.814574   -0.803445   -0.047618
   -0.782919   -0.148654   -0.955219    0.417122   -0.037975   -0.446371
    0.547728    0.721309    0.436231    0.731646    0.621131    0.174761
    0.114014    0.192269    0.806339    0.088570    0.531647    0.330388
    0.213301    0.506465    0.852566    0.722545    0.922225   -0.864947
   -0.380538   -0.132957   -0.155209    0.354401    0.825654    0.061904
   -0.553101    0.008363   -0.996764   -0.107017   -0.023518   -0.641004
    0.010494   -0.735754   -0.384776    0.673042   -0.047065    0.931740
    0.094288    0.498730   -0.135846    0.684926    0.119538    0.814341
    0.327266   -0.778273   -0.657264    0.212723   -0.532941    0.994359
   -0.689304   -0.721519    0.765835   -0.582640    0.024463   -0.369935
   -0.521855   -0.003394   -0.044866    0.158190   -0.136725   -0.194032
    0.889138   -0.346930   -0.956844   -0.374713    0.508956    0.226956
    0.111567   -0.229298   -0.357408   -0.104312    0.079739   -0.328094
    0.739828    0.180152   -0.286559    0.334879    0.044063   -0.089600
    0.029498    0.126991   -0.801948   -0.491466    0.419181   -0.592366
   -0.737798   -0.812133    0.451045    0.506958   -0.424368   -0.047056
    0.613755   -0.123632    0.107284   -0.179803    0.972858    0.274225
    0.148058   -0.966012    0.349229    0.123680    0.816786    0.046449
    0.837422   -0.315118    0.105760   -0.211668    0.292444   -0.484120
    0.868610    0.156474    0.521293    0.879297   -0.118198   -0.637936
   -0.192836   -0.996083   -0.408185   -0.100929    0.990424   -0.779993
    0.452485    0.977922    0.024533    0.989447   -0.811637   -0.058174
    0.391832   -0.539781   -0.690366    0.072404    0.083395    0.829067
    0.779462    0.714389   -0.291661   -0.022094    0.447833    0.184099
   -0.680287   -0.276886   -0.668372   -0.901590   -0.134417   -0.050159
   -0.571730    0.118001    0.721562    0.452198   -0.638138   -0.718103
    0.763665    0.249928    0.686119    0.009023   -0.107920    0.777597
    0.404654   -0.624268   -0.619866   -0.387011    0.975578   -0.423722
   -0.943861    0.896819   -0.838371   -0.417325   -0.319099    0.184333
    0.092173    0.638642   -0.974470   -0.984311    0.448031    0.091181
   -0.403582    0.092848    0.764748    0.787727    0.042306   -0.030144
   -0.527968    0.882748   -0.625854    0.564592    0.982346    0.637794
   -0.004959    0.876234    0.169748    0.826099   -0.695579   -0.093360
    0.225647   -0.350502   -0.686389    0.095470    0.458387   -0.970276
   -0.611323   -0.742624   -0.493489    0.248602   -0.449605    0.347179
   -0.082739   -0.125801    0.987321   -0.284260    0.179780    0.614571
    0.318037   -0.083228   -0.299418    0.740483    0.383246    0.032098
    0.433299   -0.061599   -0.915134   -0.801243    0.223110    0.477978
   -0.297696    0.801171    0.788829    0.807393    0.171052    0.662876
    0.931358    0.133262    0.500021   -0.368907   -0.609892    0.124336
    0.067685    0.940130   -0.073884   -0.596137   -0.737734    0.645204
   -0.348653   -0.999945   -0.541785   -0.225603    0.641600    0.672088
    0.291198    0.352111    0.640534    0.983815   -0.167763   -0.628495
   -0.732498    0.589233    0.652336   -0.037984    0.245866   -0.108234
    0.016272   -0.428401   -0.201351    0.140632   -0.874827    0.304563
    0.444101    0.880106   -0.804920   -0.556824   -0.576599   -0.039890
   -0.668087   -0.086084    0.604997   -0.473857   -0.595120    0.749610
   -0.145478   -0.859426   -0.842814   -0.315209   -0.139646   -0.288243
   -0.479478   -0.768517    0.080492   -0.877922    0.693088    0.931284
    0.112967   -0.924661   -0.629086   -0.655478   -0.466965   -0.314379
   -0.936166    0.389516    0.352820   -0.260652    0.741242   -0.077298
    0.870174    0.237356    0.465688    0.936473   -0.503250    0.493048
    0.937874    0.582535   -0.311759    0.093714   -0.050427    0.029174
   -0.848975    0.919403    0.500285    0.583477    0.876828    0.249178
   -0.227107    0.895671    0.636027    0.881931    0.847226   -0.111007
   -0.415354    0.375071   -0.922756   -0.310131    0.758578    0.046141
   -0.854266   -0.558124   -0.898131   -0.962603    0.267758   -0.439898
   -0.222438   -0.875555    0.193151    0.698472    0.276095    0.680760
    0.535197    0.160230   -0.165602    0.358731   -0.250814   -0.688271
   -0.167510   -0.745116    0.895444   -0.794029    0.388184   -0.711450
   -0.755012   -0.935912    0.364853    0.545003    0.183790   -0.495254
   -0.055776   -0.075987    0.902657   -0.360341    0.872567   -0.132835
    0.071319   -0.828263    0.114325    0.331736   -0.849937   -0.601005
    0.395483   -0.754321    0.274424    0.208783   -0.580170   -0.561329
    0.289034    0.429429   -0.726927    0.647634   -0.238217    0.900463
   -0.169984   -0.303194    0.582623    0.103487   -0.170800    0.033215
    0.577345    0.715241    0.443818    0.531874   -0.497481    0.221451
    0.444071   -0.128696    0.049180    0.978285   -0.675056   -0.958821
    0.448551    0.850260   -0.043795    0.574224   -0.664303    0.159515
   -0.868052    0.472881   -0.161990   -0.492370   -0.314397    0.270246
   -0.631880   -0.916255    0.005298    0.918810    0.625368    0.815209
   -0.410395   -0.339715    0.625304    0.327373   -0.841798   -0.267734
    0.490267   -0.998965    0.606447    0.717469    0.122431   -0.298475
   -0.143932   -0.395761   -0.670532   -0.379269    0.479058    0.387650
    0.269702   -0.320342   -0.413896   -0.629423   -0.680677   -0.218925
    0.965735   -0.967517    0.540316    0.989724    0.470139    0.675494
    0.642375   -0.731134   -0.030982   -0.280222   -0.005414   -0.537245
    0.860492    0.205318   -0.118222   -0.924902   -0.868161    0.688873
   -0.167836   -0.040325   -0.467578    0.283718   -0.656513   -0.623380
   -0.054091   -0.069888    0.502588    0.126354   -0.593925    0.614778
    0.495064   -0.731894   -0.868078   -0.533355   -0.413804   -0.289825
    0.109894   -0.229465    0.003083   -0.045375   -0.307431    0.869150
    0.709247   -0.804843   -0.627673   -0.909484    0.511844   -0.453106
    0.398256    0.548038   -0.951457   -0.245100    0.244113   -0.287392
   -0.863748    0.230341    0.965689   -0.629259   -0.438025   -0.278926
   -0.702988    0.903932    0.855715    0.351652    0.952907    0.900099
   -0.991538    0.424653   -0.411073   -0.654899   -0.029911    0.718591
   -0.943427   -0.715756    0.625294   -0.653686   -0.089479   -0.608689
   -0.833887    0.038359   -0.533463    0.872618   -0.741713   -0.764598
    0.931530    0.221391   -0.200939    0.067778    0.622726    0.073508
   -0.125090   -0.403053    0.252227    0.275064   -0.231851   -0.485708
   -0.114392    0.014841   -0.257441    0.858346    0.977763    0.109827
    0.678205    0.516096    0.109313    0.625634   -0.279717   -0.517822
   -0.437366   -0.015463    0.010845   -0.950603   -0.127132   -0.108331
   -0.256829   -0.599372   -0.075466    0.387630   -0.221438   -0.937958
   -0.963689    0.380229   -0.502922   -0.066175    0.436459    0.203889
   -0.706092   -0.451219    0.821194    0.196480   -0.900798   -0.776430
    0.821133   -0.612316    0.589999   -0.424189   -0.546401   -0.766918
   -0.172871    0.442976   -0.006429    0.452690    0.403856   -0.533445
    0.593748    0.458094    0.536441    0.927823    0.724109   -0.636460
   -0.060267   -0.897225    0.958768   -0.785703    0.126107   -0.605382
   -0.563598    0.390636    0.988354   -0.335293    0.228908    0.850345
   -0.110787    0.271561   -0.825423   -0.842957    0.768440    0.672440
   -0.172221   -0.074439   -0.871306    0.067832   -0.756494   -0.400915
    0.885754   -0.773106   -0.802060    0.743953   -0.206993   -0.163336
   -0.678519   -0.937533   -0.107919   -0.536542   -0.042993    0.347024
    0.256176   -0.950105    0.018179    0.196230    0.719845    0.678866
   -0.148228    0.010022    0.952185    0.017250    0.310333    0.495609
    0.042574   -0.069489    0.273464   -0.271097    0.579933   -0.118494
   -0.965670   -0.989128   -0.252976    0.973443    0.946606   -0.060345
   -0.515250    0.813726    0.080752    0.209502   -0.438969   -0.914230
    0.900215   -0.769646    0.725412    0.767803    0.494052   -0.315809
    0.025247   -0.198797    0.040790    0.276102   -0.887053   -0.151881
   -0.321726    0.453398   -0.407588    0.161908   -0.183264   -0.710476
   -0.465262    0.429775   -0.368177    0.478481   -0.364650   -0.317292
   -0.126591   -0.404957    0.166999    0.288229   -0.320466    0.066723
   -0.160647    0.619012   -0.851204   -0.153540    0.854705    0.471599
   -0.143740   -0.725094   -0.033786   -0.948564   -0.692694    0.698860
    0.241378   -0.693925    0.491901   -0.076018    0.998916    0.926420
    0.380301    0.871459   -0.411470    0.552457   -0.166185    0.052337
    0.743459   -0.554675    0.401916    0.870381   -0.637530    0.945463
   -0.249012    0.258802   -0.416421   -0.593804    0.114954    0.905331
   -0.431802    0.039470   -0.010323   -0.777208    0.607821    0.289580
   -0.299357    0.598112   -0.240848   -0.721799   -0.111235   -0.002263
    0.847750   -0.199498    0.388691   -0.614017    0.173838    0.483084
    0.942828    0.324773    0.019384    0.256174   -0.675947   -0.326443
   -0.778043    0.382563   -0.995018   -0.267849   -0.821952    0.729243
   -0.614212    0.429057   -0.456640   -0.669581    0.573420    0.960951
    0.647427   -0.864505    0.796765    0.516650   -0.108106    0.750329
    0.738798   -0.045619    0.713310    0.009192   -0.150849   -0.187463
   -0.710648    0.519677   -0.269378   -0.385502    0.638481    0.777447
   -0.662507   -0.503656   -0.810380    0.715186   -0.041431    0.612706
   -0.784722   -0.480910    0.354717   -0.101562    0.034080   -0.016926
   -0.992893   -0.729659   -0.913221   -0.350538    0.992994    0.681500
   -0.491341   -0.215150    0.777804   -0.808688    0.585116   -0.887507
    0.462449    0.628207   -0.568184   -0.416309    0.747933    0.971700
    0.987373   -0.124182    0.323404    0.985210    0.456108    0.731422
   -0.437262   -0.295862   -0.674140   -0.346560   -0.418717    0.637147
   -0.867184   -0.834785    0.201634    0.661454   -0.079381    0.204683
   -0.138372   -0.605165    0.005485    0.407036   -0.180788   -0.315004
   -0.078492   -0.502518    0.580323   -0.939162    0.766484    0.699229
    0.112848   -0.324250    0.375736    0.819702   -0.081028   -0.821883
   -0.696883   -0.378484    0.799422   -0.137161    0.275840   -0.726471
   -0.097684    0.084812    0.633083    0.614299   -0.693812    0.452969
   -0.482751   -0.229455    0.000525   -0.368854    0.084560    0.241485
    0.198030   -0.989878   -0.587729   -0.497094    0.118949   -0.028660
    0.858070   -0.738963   -0.675999    0.899138   -0.811989    0.357428
    0.564420    0.407402    0.283763    0.510295   -0.769973    0.072294
   -0.514540   -0.032778   -0.616104   -0.776673    0.509339    0.682825
    0.906945    0.122011   -0.898432    0.130566   -0.879161    0.871950
    0.395156    0.131491   -0.333294   -0.161674   -0.778864   -0.977332
   -0.949363    0.211829   -0.265288    0.534423   -0.261780   -0.152256
   -0.568141    0.052614   -0.735004   -0.339335   -0.758770    0.653116
   -0.884304   -0.848785    0.973647    0.563940   -0.188479   -0.823347
   -0.520338    0.105938   -0.839508   -0.362348    0.596087   -0.501510
   -0.798659   -0.078948   -0.304890    0.331954    0.329253   -0.740821
    0.078931    0.353165    0.611926    0.489518    0.913937    0.075974
   -0.869045    0.586892   -0.590973    0.565757   -0.193638   -0.313198
   -0.912394   -0.912755    0.384267   -0.059605   -0.005092    0.117008
    0.204519    0.833939   -0.506592   -0.735751   -0.079631   -0.311837
    0.469845   -0.391276    0.237374    0.384869    0.234504    0.649805
   -0.215935    0.045990   -0.005748   -0.106450    0.808600   -0.033878
   -0.828605   -0.295829    0.956489   -0.999558   -0.965136   -0.709619
   -0.803275    0.967547   -0.020007    0.770020   -0.245955   -0.904215
    0.484635   -0.202339    0.880209   -0.600279    0.624532   -0.011430
    0.007372    0.646389   -0.680597    0.317004    0.070013   -0.966958
   -0.936419   -0.321677   -0.402115   -0.159460   -0.864427   -0.240493
    0.765467   -0.282402    0.147474   -0.877655    0.498955    0.644252
   -0.045714   -0.482282    0.165020    0.079800   -0.377484   -0.714355
   -0.397214    0.282008   -0.693791   -0.447672    0.290562   -0.498516
   -0.914776   -0.301219   -0.526516   -0.726030   -0.707540   -0.255608
   -0.349230    0.917039   -0.815572    0.557496   -0.369377   -0.787494
    0.717720    0.230809    0.853366   -0.643884    0.139248   -0.445227
   -0.615710   -0.541582   -0.027659    0.960827    0.356292   -0.841448
   -0.286961    0.188649   -0.765522   -0.694390    0.558534   -0.959990
   -0.915010   -0.359177   -0.894272   -0.286108   -0.132200   -0.264282
    0.296029   -0.158927   -0.574127    0.524196    0.514961    0.874614
   -0.301961    0.001082    0.644114   -0.498112    0.060295   -0.477202
    0.104906    0.819451    0.528968   -0.781464    0.835818   -0.891548
    0.025087   -0.023411   -0.587697   -0.958263    0.409359   -0.524818
   -0.820020   -0.733081    0.271944    0.917939    0.652088    0.040057
    0.469285   -0.451183   -0.730521    0.061061   -0.541253   -0.447261
   -0.061110    0.205459   -0.326543   -0.016543   -0.119985    0.500594
    0.851706   -0.970699    0.717060   -0.095932    0.318333   -0.117294
    0.575366   -0.496615    0.025533   -0.682987    0.423514    0.171279
   -0.304606   -0.815628   -0.611819   -0.718274   -0.526517    0.729503
    0.907859    0.943763   -0.065011    0.804553    0.147755   -0.653757
   -0.549805   -0.426693    0.313360    0.847337   -0.454658   -0.099932
   -0.260340    0.707925   -0.916043   -0.934216   -0.592467    0.674841
   -0.798826    0.395545   -0.434358   -0.193617    0.332929   -0.790423
    0.059657   -0.642592   -0.962739    0.454922    0.361677   -0.973106
   -0.392006   -0.355884   -0.588736    0.620963   -0.940307   -0.992430
    0.168684   -0.920786    0.378914    0.672039   -0.626641   -0.276449
    0.069276    0.746564    0.190988    0.812041    0.648652   -0.432220
   -0.398758   -0.437849   -0.993074    0.487022    0.260965    0.691638
    0.962665   -0.523229    0.153670   -0.379326    0.611238    0.652674
   -0.280903    0.029573    0.212646    0.870791   -0.604944    0.151215
    0.199388    0.712158    0.605894    0.497073    0.960976    0.295602
   -0.797995   -0.930927    0.399051    0.293434    0.693926   -0.906011
    0.466075   -0.154330
