   -0.929786   -0.713793    0.188024   -0.615971   -0.913836    0.390305
   -0.643731    0.341610   -0.886497   -0.451546    0.770997    0.120748
    0.304539   -0.726884   -0.058556    0.252476   -0.824497    0.834957
    0.884386   -0.594486   -0.025433    0.116705    0.416298    0.714531
    0.085608   -0.358328   -0.353731    0.668179   -0.461520   -0.455237
    0.809405   -0.417307    0.965852    0.384401    0.354405    0.346466
   -0.585761   -0.671801    0.388336    0.311472   -0.134511   -0.182371
    0.210377    0.497174    0.237456   -0.113913   -0.899968    0.961012
    0.596519   -0.473151    0.302144   -0.803293    0.471739   -0.461967
   -0.920059    0.834932    0.433602   -0.501751   -0.968467   -0.566898
   -0.612105    0.934446    0.859007   -0.165976   -0.806676   -0.496266
   -0.194234    0.283223    0.695578    0.134447    0.576874   -0.040350
    0.385668    0.678082    0.821396   -0.431725   -0.250514    0.157863
    0.241429   -0.859879   -0.352265    0.711267   -0.009917    0.409921
    0.555850   -0.267849    0.876565   -0.350240   -0.123808    0.892233
   -0.970714    0.492827    0.263165    0.977547   -0.569361   -0.241559
    0.957547   -0.390274    0.898696    0.350039   -0.567152   -0.884819
   -0.037297    0.459685   -0.673770   -0.343727   -0.884237   -0.682536
   -0.790564   -0.569315    0.909257   -0.535655    0.813513   -0.852824
    0.272199   -0.198525    0.927907   -0.361233   -0.702724    0.196391
   -0.355548    0.216790   -0.519446   -0.676984   -0.821097   -0.208513
   -0.251843    0.346095   -0.179122   -0.392202   -0.743159    0.597389
    0.895782    0.071865    0.112475   -0.670210    0.970537   -0.189872
   -0.378750   -0.118076    0.481859   -0.735976    0.176455    0.107629
   -0.414683   -0.129077    0.679649   -0.224834   -0.274446   -0.465783
    0.316809   -0.439095   -0.208060   -0.520479   -0.582531   -0.662050
   -0.973693   -0.285033    0.446186    0.714522   -0.805161    0.694831
   -0.001109   -0.370916   -0.499270   -0.635797    0.776868   -0.020904
   -0.219660   -0.745315    0.928886   -0.660981   -0.190187   -0.595041
   -0.593564    0.911006   -0.664558    0.369413    0.362267    0.140120
   -0.589979    0.730233    0.220769   -0.643405    0.299321   -0.510252
    0.349663    0.633153   -0.854450    0.525769   -0.606445   -0.170135
   -0.727384   -0.308870   -0.739224   -0.203992    0.104814    0.816851
    0.194414   -0.691292   -0.083251   -0.924980    0.497293    0.891127
   -0.025680    0.812519   -0.503757   -0.902491   -0.174288   -0.082201
   -0.231498    0.983113    0.645195   -0.367164    0.749946    0.382421
   -0.481763    0.683017   -0.311779   -0.722791   -0.815475   -0.999228
    0.793832    0.005473   -0.266501   -0.279502    0.305685   -0.665175
   -0.772841   -0.862435   -0.661194   -0.919684   -0.837664    0.689644
    0.133117    0.925378   -0.751430    0.560245    0.142498   -0.960936
   -0.508675    0.141453    0.473432    0.411802   -0.308640   -0.996979
   -0.425163   -0.837673    0.683112   -0.723587   -0.208987   -0.375047
   -0.131310    0.302042    0.849078   -0.366168   -0.064197   -0.223093
   -0.617724    0.077706   -0.332743   -0.098594    0.145215   -0.671963
   -0.035077   -0.148185    0.980969    0.201303   -0.326161    0.449340
    0.479266   -0.104653    0.360248   -0.819438    0.767278   -0.710358
   -0.835974    0.158646   -0.498338   -0.840908   -0.950576   -0.317503
   -0.721129   -0.246017    0.835202    0.382577   -0.453912    0.638162
   -0.871245    0.269051   -0.193003   -0.367536    0.885342    0.749601
    0.966774    0.617772    0.053366   -0.387446    0.108078   -0.949914
    0.216442    0.077404   -0.126274   -0.701010    0.728523   -0.590316
    0.574760   -0.261494    0.298295    0.739999    0.794923    0.352092
   -0.620548   -0.144028    0.903439    0.824819   -0.249363   -0.079608
   -0.275473   -0.003127   -0.991202    0.106130    0.923530   -0.192502
    0.894407   -0.839197   -0.525939   -0.826293    0.500193    0.915810
   -0.740251   -0.869167   -0.401825   -0.243991    0.231651    0.387482
   -0.117727    0.422395    0.891536   -0.036419   -0.155976    0.290899
    0.066808    0.389927    0.233416    0.330572    0.200329   -0.058619
    0.364420    0.527019    0.883544    0.914543    0.233247   -0.154115
    0.007038    0.575070    0.885627    0.277609    0.344716   -0.343949
    0.672088    0.257267    0.434677    0.043707    0.271532    0.514848
   -0.518734    0.009175    0.786363   -0.985300    0.281391   -0.615543
    0.875424    0.583504    0.811345   -0.411477   -0.653301   -0.168476
    0.530013    0.510750    0.096993    0.702056   -0.332505   -0.612234
   -0.741134    0.198337   -0.857372    0.858531    0.431152   -0.463898
    0.979210   -0.153478   -0.433725    0.609914    0.003268   -0.765748
   -0.421260    0.721207   -0.325982   -0.390432    0.656615    0.099783
   -0.154133   -0.371904   -0.795420   -0.167714    0.120942   -0.748587
    0.851485    0.878504    0.406587   -0.675569    0.396396   -0.286854
   -0.713148    0.387694    0.809944    0.984683   -0.358748   -0.195444
    0.425184    0.024500   -0.580417    0.128544   -0.003896    0.401516
    0.728169    0.168939   -0.565633   -0.292000   -0.071008   -0.731977
    0.726434   -0.651300   -0.826282    0.080442    0.526674    0.569535
    0.593254   -0.841818   -0.074089   -0.953721    0.515119    0.965254
   -0.482139    0.281348    0.669104    0.556668   -0.069155   -0.465785
    0.332302   -0.354810    0.583042    0.124756   -0.699127   -0.277788
   -0.340975    0.507947    0.980270    0.136035    0.772346   -0.591537
    0.073918   -0.059411    0.551504   -0.275162    0.760333    0.999988
   -0.342869    0.704759    0.252489   -0.383174   -0.196223    0.693661
    0.769959   -0.736178    0.718495    0.775406   -0.320032   -0.431124
   -0.086193   -0.083777   -0.876003   -0.520987    0.309881   -0.189682
    0.566965   -0.369537   -0.808278   -0.284571    0.785345    0.959569
    0.451864    0.921326    0.793229    0.789277   -0.545561    0.205592
    0.956728    0.085739   -0.370922    0.536583   -0.677228    0.755608
   -0.024496   -0.872731   -0.981838    0.767620   -0.454515    0.684954
   -0.731430    0.418665   -0.410790   -0.373486    0.647541   -0.311193
   -0.576127    0.462858    0.777200   -0.056028   -0.440905   -0.054275
   -0.051271   -0.785575    0.240051   -0.090517    0.456417    0.121057
    0.982998   -0.812584   -0.276131   -0.641007   -0.782522   -0.042474
    0.581613   -0.766350   -0.403359    0.963114   -0.473043    0.527200
   -0.480723   -0.634369   -0.559588    0.015064   -0.728062    0.877448
    0.164141    0.035208    0.796339   -0.643418   -0.143001   -0.556451
    0.674156    0.587306   -0.489744    0.800119    0.659920   -0.290798
    0.084159    0.173031    0.288241   -0.581883    0.914283    0.385084
   -0.351480    0.137014    0.469688   -0.793545   -0.598374   -0.319957
    0.356781    0.181711    0.775586    0.201599   -0.665624   -0.503993
    0.384129   -0.170738   -0.448752    0.134599    0.603876    0.190666
    0.423735    0.771360    0.011130    0.574077   -0.897532   -0.430374
   -0.174573    0.528026    0.028036   -0.161041   -0.578469    0.879522
   -0.896682    0.297763   -0.392561   -0.316067    0.567158    0.346069
    0.487609    0.032119    0.815810    0.380568   -0.772551   -0.031878
   -0.534696   -0.495804   -0.904016   -0.558119   -0.518523    0.267984
   -0.297538   -0.580486   -0.606713   -0.078567    0.645798    0.473677
    0.977204   -0.027190   -0.525223   -0.688757    0.879844    0.965743
    0.396161   -0.294214   -0.085648   -0.817303    0.685830   -0.412215
    0.048825   -0.047417    0.815905    0.650341   -0.683856   -0.668514
    0.742119   -0.984546   -0.757142    0.062690   -0.289304    0.016672
    0.319849   -0.531170    0.989328   -0.882855    0.646137    0.362799
   -0.603419   -0.292821   -0.222089   -0.569779   -0.807782   -0.821353
   -0.282017    0.831785   -0.508591   -0.405183   -0.400050    0.260625
    0.664088   -0.829859   -0.569334    0.530810   -0.477265   -0.308244
    0.205784    0.552983   -0.257761    0.823879    0.824940   -0.851114
   -0.637948   -0.088120    0.403667    0.468893   -0.881326   -0.853945
    0.313063   -0.883012   -0.937156   -0.931029   -0.896042    0.534499
    0.957477   -0.423439   -0.499368    0.662988   -0.059842   -0.783950
    0.196953    0.082423    0.877882    0.109390    0.035049    0.177097
   -0.422122   -0.895508   -0.194095   -0.198222   -0.084235    0.882160
    0.082650   -0.549258   -0.145741    0.800622    0.009455    0.754789
    0.701788   -0.795763    0.540082   -0.682163   -0.826917    0.223278
    0.139957   -0.376316   -0.917780    0.059104    0.732781   -0.563715
   -0.519664    0.167528   -0.643473   -0.356005   -0.626011    0.033795
   -0.051339    0.102932    0.182643   -0.951911   -0.730420    0.568988
    0.321411   -0.409337   -0.409028   -0.270916    0.199766    0.463215
   -0.293423    0.410231   -0.082311    0.811089    0.952490   -0.386195
    0.021716    0.598608    0.051438    0.978951   -0.948095   -0.473141
    0.479554    0.981672   -0.201824   -0.203113    0.087648    0.276166
    0.081500    0.630477   -0.068664    0.344064    0.716845    0.031594
   -0.162186    0.028286    0.667158   -0.736800    0.478942    0.553296
    0.245877    0.446906   -0.759456   -0.008119    0.788030   -0.300683
   -0.042117    0.885664    0.169945    0.535704    0.165428   -0.371910
   -0.107430   -0.215518    0.722176   -0.400262    0.720843   -0.190949
   -0.098558    0.946180    0.780081    0.077420   -0.162732    0.965823
    0.931269    0.001550   -0.261867    0.003521   -0.248413   -0.674843
    0.560530    0.200585    0.893827   -0.913445    0.096322   -0.349725
    0.730838    0.617141   -0.026443    0.649423    0.004134   -0.215389
    0.242629   -0.433753    0.275555    0.548494    0.303809   -0.125228
    0.763296   -0.144737    0.334883   -0.351704   -0.832545   -0.329684
    0.076063   -0.192924    0.877196   -0.367417    0.392995   -0.880884
    0.538090   -0.476276   -0.864606    0.745173   -0.325152   -0.983220
    0.407066   -0.048496   -0.900035   -0.886349    0.584008   -0.874474
   -0.109628    0.626721   -0.260834    0.022935    0.157040   -0.539041
    0.098938   -0.469881    0.273277    0.071811    0.398341   -0.813836
   -0.270614    0.862505   -0.224564   -0.572886   -0.101401    0.789040
   -0.194862    0.098743    0.608400    0.661264   -0.999466    0.447622
    0.186381   -0.081378   -0.539523    0.408263    0.406301   -0.625307
    0.164607    0.655818   -0.056280    0.326679   -0.058958    0.206103
   -0.021964   -0.837427   -0.925371   -0.851981    0.974394   -0.623823
   -0.765904    0.774918    0.071046   -0.231562   -0.402745   -0.771384
    0.692406    0.155776    0.508479    0.348232   -0.284613   -0.246272
    0.488321   -0.045178   -0.801010   -0.790555    0.154235   -0.350562
    0.188674    0.316330    0.990370    0.711613   -0.650368    0.402205
    0.005752   -0.567119   -0.312490   -0.850731    0.868947    0.340916
    0.290330    0.534362    0.992619   -0.405854   -0.670894    0.629804
   -0.017296   -0.645242   -0.144491   -0.666963   -0.811555    0.043117
   -0.015778    0.766551    0.062144   -0.583485    0.983716    0.256346
    0.777795    0.070552   -0.844849   -0.832764    0.482398    0.966838
   -0.456683    0.775935   -0.064133    0.720773    0.834136    0.781275
   -0.436273   -0.709216   -0.754646    0.695139    0.590630    0.836128
    0.221140   -0.220424    0.077881    0.890962   -0.698872   -0.980144
    0.193505   -0.090604    0.061380    0.125185   -0.432206   -0.552195
    0.484631    0.579014   -0.962341    0.645501    0.607262   -0.035285
    0.254600   -0.319368    0.183663   -0.796539   -0.521441    0.175395
   -0.637838   -0.170028    0.881889    0.186673   -0.277698   -0.471090
    0.762691   -0.767436   -0.162796   -0.093787   -0.114697   -0.056241
   -0.885811    0.717544   -0.541873   -0.530318   -0.896551    0.134410
    0.092919    0.150032   -0.652933   -0.275501   -0.983041   -0.134591
    0.185898    0.243669    0.401434   -0.284221   -0.921168    0.495945
   -0.076301    0.467558    0.049389    0.298948    0.061170    0.543057
   -0.587596   -0.375157    0.492832   -0.856422   -0.035379   -0.287963
    0.427577    0.402216    0.645218   -0.481680   -0.835972    0.721794
   -0.952287    0.862224   -0.284164   -0.035996   -0.026607   -0.509092
   -0.359827   -0.917154    0.038958   -0.319065    0.620875   -0.903751
   -0.000710    0.665982    0.899908    0.138295    0.091495   -0.668390
   -0.616450    0.126519    0.141780    0.118692   -0.929550    0.933751
   -0.325097    0.228839    0.317626   -0.488704   -0.800398    0.940377
   -0.345294   -0.949523   -0.504560   -0.491309    0.276878   -0.806082
    0.129730    0.036072   -0.739445   -0.730988    0.912569   -0.775012
    0.909917   -0.971323    0.700454   -0.296519    0.062991    0.428407
   -0.555767   -0.859217   -0.080747   -0.430888   -0.325367    0.662286
   -0.727722    0.438825    0.731248   -0.584598   -0.509417   -0.455073
    0.680293   -0.035952    0.148688    0.277265   -0.194845   -0.083646
   -0.540452   -0.437895    0.973406    0.635836   -0.894617   -0.475035
    0.225975   -0.941434   -0.967674    0.471875   -0.734136    0.959949
   -0.286154   -0.758492    0.873433    0.076721   -0.946608   -0.647164
   -0.047409    0.644435    0.036458   -0.997206   -0.434232   -0.960568
   -0.586928    0.344264   -0.605509    0.792508   -0.049079   -0.531576
   -0.205725   -0.490906    0.118395   -0.139646   -0.791838    0.990983
    0.294204   -0.957561   -0.944431    0.065126   -0.231486   -0.313221
    0.244761    0.424400    0.419486   -0.524209   -0.401285   -0.940016
    0.649244    0.165534   -0.384484   -0.946153   -0.656761   -0.312418
    0.226671    0.336899    0.305056    0.818696   -0.188991   -0.011075
    0.506470   -0.184456   -0.545088    0.450454   -0.261962   -0.442550
    0.561459   -0.994544   -0.456929    0.759678    0.164595    0.647774
   -0.750652   -0.862439   -0.095772    0.101340    0.614456   -0.211693
    0.495677   -0.577372   -0.430640   -0.290445   -0.855882    0.312832
   -0.810469   -0.071893   -0.504802   -0.602762    0.168403   -0.940635
   -0.389775    0.413361    0.233857   -0.391914   -0.331882    0.314864
   -0.628916    0.549073    0.299672    0.524752   -0.116404   -0.625727
    0.520595   -0.420152    0.376880    0.558352   -0.454652   -0.824093
   -0.196350   -0.202456   -0.034087   -0.572105   -0.656679   -0.243185
    0.618482    0.421234   -0.771577    0.920059    0.814659   -0.870938
    0.295149   -0.846032    0.672390   -0.541864   -0.837288    0.248422
   -0.538222   -0.482458   -0.196449   -0.583209    0.010898   -0.007786
   -0.207796   -0.555371    0.033297    0.213576    0.913327    0.808284
   -0.944879    0.398068    0.894220    0.196994   -0.889321    0.383246
   -0.114920    0.072267    0.440577   -0.704846    0.691550    0.431947
    0.420566   -0.655237   -0.369388    0.043269   -0.991180    0.503337
   -0.738123   -0.632311    0.261165    0.103288    0.073764    0.171169
   -0.564953    0.366966   -0.998091   -0.265856    0.179935   -0.950682
    0.364429   -0.698973    0.961475   -0.006557    0.843928    0.102040
   -0.671806   -0.512439    0.962994   -0.250978    0.363229    0.449057
    0.640012    0.863740    0.763122   -0.357847    0.540761    0.658962
    0.431373    0.778512    0.916016    0.080471   -0.319129   -0.155609
    0.757129   -0.195051   -0.925654   -0.528266    0.474775    0.917587
    0.657116    0.247932    0.142629   -0.327940   -0.833292    0.170578
    0.815934    0.764337    0.348502    0.841108    0.456326   -0.256752
   -0.401291    0.924703    0.725776    0.355644    0.612211    0.072958
   -0.012327    0.934993    0.217738    0.121305   -0.261965    0.593474
   -0.728996   -0.112198    0.452523    0.234411   -0.340594    0.357024
    0.244166    0.954395    0.642673    0.918215   -0.593765   -0.633587
    0.017365    0.098870   -0.793276    0.510424   -0.633499   -0.705955
    0.920400   -0.407530    0.262620    0.734774   -0.128964   -0.202413
   -0.168571    0.108917   -0.842684    0.109721   -0.608290    0.477721
   -0.485030   -0.876820    0.628618   -0.686615    0.952330    0.157837
   -0.649852    0.590423   -0.218147   -0.377239   -0.963524    0.697353
    0.535191    0.130574   -0.320907   -0.965476   -0.528504   -0.846011
    0.858752    0.006508   -0.595007   -0.351644   -0.434337    0.855773
   -0.909347    0.833983   -0.754721   -0.584927   -0.916957    0.940556
   -0.943158    0.483021   -0.922268   -0.819280   -0.126356    0.629960
   -0.353322   -0.709215   -0.341381   -0.934812   -0.749890    0.789868
    0.612745   -0.966008   -0.272923    0.304292    0.979175    0.892734
   -0.518252    0.132359    0.252467    0.188061   -0.915281    0.333897
   -0.907502    0.200497    0.552282    0.939196    0.910048    0.737955
   -0.258408   -0.122206   -0.718169   -0.694232   -0.489280    0.429584
    0.444371    0.677585    0.544186   -0.031392    0.319054    0.840225
   -0.438937    0.414543   -0.591339    0.050161    0.512948    0.631744
   -0.921276   -0.659813    0.185344    0.707491    0.710339    0.192858
    0.604820    0.124843    0.300222    0.234354    0.832036   -0.224843
   -0.493666    0.325683   -0.546035    0.940576    0.550429   -0.557805
   -0.238616   -0.615889   -0.735726   -0.640757   -0.270620    0.612305
    0.012043   -0.930904   -0.644336   -0.415333   -0.229546   -0.504161
    0.732076    0.217131    0.983924   -0.496491   -0.016121   -0.931733
   -0.713134   -0.791953   -0.453748   -0.182573   -0.995966   -0.357768
   -0.672263    0.025251    0.402722   -0.355522   -0.219340   -0.337889
    0.781092    0.298385   -0.165175   -0.680109   -0.354544   -0.080609
    0.404713    0.892225    0.065170    0.744268   -0.878054    0.822011
   -0.075610    0.152618    0.051551   -0.993599    0.085499    0.016949
   -0.298229   -0.618076    0.275179    0.664960   -0.944292   -0.005714
    0.938151   -0.750454    0.871131    0.122303    0.118533   -0.782334
   -0.005566   -0.367320   -0.487262    0.750455   -0.969944    0.172874
    0.253244    0.658303    0.200654   -0.312274   -0.413827    0.719261
   -0.321525   -0.715287    0.899427   -0.246539   -0.123242   -0.131822
    0.168334   -0.174020    0.418572   -0.480567    0.128174    0.486681
   -0.019605    0.130977   -0.235754    0.659708    0.061210    0.674333
    0.668995   -0.928770    0.708426    0.798782   -0.885390   -0.000556
   -0.287658   -0.774568    0.330387    0.258618    0.843136    0.904300
    0.213477   -0.565080    0.531129    0.939624   -0.401671    0.276576
   -0.145979    0.447406   -0.149411    0.759484   -0.546760   -0.906666
    0.230151    0.190981    0.697984   -0.689396   -0.515290    0.833225
   -0.470475    0.615406   -0.063957   -0.270405    0.572174   -0.862344
   -0.740441    0.061280   -0.552531    0.083291   -0.397621    0.586775
    0.650463   -0.914732   -0.634248    0.325526   -0.077068   -0.481026
   -0.860830    0.483543   -0.579224    0.748109    0.218848   -0.682901
   -0.169975   -0.660475    0.964802    0.378276   -0.588699   -0.106110
    0.006501   -0.631599   -0.040904    0.095985    0.178926    0.365711
   -0.256021   -0.548613   -0.920400   -0.424073    0.684172   -0.749485
    0.183330    0.376493    0.624651    0.898595    0.216653   -0.006512
    0.680481   -0.160853    0.435160    0.457347    0.921308   -0.923462
    0.291724    0.303498    0.406288    0.428762    0.017618    0.477749
   -0.326654    0.798193   -0.791418    0.655589    0.140252    0.619660
   -0.823551   -0.991117    0.526707    0.610786   -0.534997   -0.396613
   -0.854089    0.564863    0.439551   -0.827504   -0.212262    0.305759
   -0.773192   -0.839263   -0.465342    0.797767    0.528885    0.006102
   -0.043645   -0.636859   -0.246868    0.509994    0.731462   -0.981238
   -0.052895   -0.017209   -0.407421    0.129980    0.623743    0.324294
    0.677855   -0.495044   -0.461891   -0.270417   -0.064598   -0.943423
    0.491412   -0.367192    0.400115    0.360394   -0.747306   -0.877989
   -0.984352   -0.086279    0.027712    0.523688   -0.292438    0.248618
   -0.223241    0.155487    0.196808   -0.153004    0.910943   -0.915457
   -0.894285   -0.070567   -0.698256    0.628109    0.615768   -0.376622
    0.433291    0.955202    0.925964    0.320437   -0.004762   -0.048446
    0.313508   -0.191008   -0.401136    0.895549   -0.041732    0.247968
    0.201398   -0.687315   -0.636755   -0.810093   -0.591394    0.164678
    0.514708   -0.388937   -0.567025    0.946344    0.477238    0.470817
    0.812663   -0.881660    0.655678   -0.430365   -0.912880    0.029068
    0.124514   -0.195090   -0.605719    0.625985   -0.630680    0.953010
   -0.076067   -0.430328    0.594260    0.066297   -0.684454    0.169774
   -0.751479    0.514465    0.618037    0.364617   -0.984377   -0.927549
    0.912231   -0.791729   -0.842262   -0.923548    0.460669   -0.209757
   -0.857092   -0.284915   -0.660170   -0.657702    0.222498    0.446665
   -0.281267    0.513206    0.627957   -0.093543    0.000333    0.445798
   -0.245030   -0.011568    0.782090   -0.086611   -0.417603   -0.472483
   -0.556208    0.572152    0.970235   -0.305439    0.233669    0.026274
   -0.451885   -0.975767    0.567817   -0.547363    0.254963   -0.160206
    0.066692   -0.235917   -0.935013   -0.128814    0.465129   -0.072933
   -0.453788   -0.175838    0.368114   -0.130422    0.446817    0.981116
   -0.409407    0.891064    0.778302    0.741496    0.339158    0.953673
   -0.527012    0.409542   -0.701556   -0.951043   -0.791132   -0.491954
   -0.415229    0.040886   -0.595723   -0.605075    0.542682   -0.900739
    0.744756    0.858740    0.033682   -0.301956   -0.359360    0.041011
    0.313978   -0.332103   -0.924755   -0.118363   -0.775272   -0.890536
    0.090650   -0.829532    0.858079    0.421856   -0.538896   -0.728538
   -0.051521   -0.999656   -0.945325    0.333625   -0.998271    0.480704
    0.204861   -0.109770   -0.808322    0.826724    0.611105    0.006495
   -0.634173   -0.600385    0.520507    0.470099   -0.220715    0.667035
   -0.531815   -0.343870   -0.601227   -0.896746    0.894328   -0.435039
    0.856682   -0.501649    0.766158    0.463396    0.014894    0.925896
   -0.962946    0.803837    0.724329   -0.128270   -0.291853    0.286791
    0.092827    0.041848   -0.597861   -0.240720   -0.298377   -0.986407
   -0.162085    0.625214   -0.478134    0.412661   -0.811328   -0.917365
    0.856255   -0.681152    0.559220   -0.390461   -0.624015   -0.434646
   -0.030795    0.810190   -0.044053   -0.611354   -0.243930   -0.641339
    0.825008    0.324741   -0.835881    0.969585   -0.098951   -0.903238
   -0.893083    0.584092    0.724163    0.859127   -0.975658    0.639980
    0.823989   -0.625149   -0.626885   -0.195060   -0.304369    0.321280
   -0.767080   -0.163985    0.038327   -0.430694   -0.151637    0.993423
    0.707083    0.729859   -0.909821    0.592199    0.306632    0.056864
    0.163513   -0.308196    0.545596    0.898194   -0.054021    0.550349
    0.798738    0.712610   -0.756441    0.024063    0.311291    0.021773
   -0.448420    0.063434    0.499477   -0.275790    0.086618    0.677517
    0.202852   -0.724232   -0.814316   -0.803999   -0.821328    0.156981
   -0.270397   -0.838705   -0.865454   -0.082583    0.671693    0.527779
   -0.770895    0.740305    0.422674    0.684141   -0.621694   -0.885810
    0.560174    0.011695    0.856827    0.424158    0.538988   -0.810772
   -0.012476   -0.051226    0.011180   -0.989215    0.123928   -0.267747
   -0.349997   -0.069533    0.957316    0.661617    0.549293   -0.892295
    0.749321   -0.225794    0.993487    0.153889   -0.360829    0.358141
    0.725823    0.484979    0.138411   -0.206511   -0.579577    0.978696
    0.702357   -0.788898   -0.730350    0.271689    0.085437    0.616904
   -0.719038    0.520459    0.139092    0.470473   -0.198835    0.161610
   -0.031655    0.424699    0.044474    0.427616    0.197200   -0.872642
   -0.157692    0.459332   -0.392318    0.021641   -0.606914   -0.307134
    0.621124    0.259812   -0.724618    0.154638    0.100411    0.042189
    0.478852    0.929701
