   -0.960561   -0.032621   -0.243102   -0.709566   -0.292209   -0.801376
    0.634667    0.830921   -0.370015    0.099414   -0.831508   -0.745198
    0.771574   -0.937838   -0.777936   -0.278374   -0.481464   -0.664244
   -0.282294    0.890314    0.503324    0.756155    0.101589   -0.980990
    0.235990    0.983930   -0.504883    0.082178    0.110780   -0.757003
    0.338450   -0.122915    0.904143    0.263860    0.446595   -0.345569
   -0.111660    0.112517   -0.931598    0.036156   -0.757316    0.336172
    0.453885    0.433056    0.044920   -0.168835    0.473008    0.492724
   -0.353690    0.863109   -0.354540   -0.882064    0.351305   -0.765738
   -0.450488    0.607387    0.871111   -0.018439   -0.840871    0.278471
   -0.565149    0.037577   -0.641474    0.961501   -0.154661   -0.523815
    0.993456    0.390793    0.392176    0.986718   -0.026569   -0.693649
    0.038343    0.718998    0.275789    0.398185   -0.603781    0.266983
    0.574349   -0.933711    0.337260   -0.034783   -0.689511    0.294912
    0.048120    0.016665   -0.026848    0.118692   -0.731283    0.136328
   -0.855584   -0.689075   -0.438093   -0.219783    0.351737   -0.105187
    0.925420   -0.185267   -0.921137    0.284940    0.247465   -0.753490
   -0.928409   -0.791786    0.699242   -0.507810   -0.582595   -0.556661
    0.470458   -0.784308    0.922060    0.517935    0.459454   -0.359133
    0.213021   -0.907501    0.279867    0.714708   -0.868808   -0.672978
   -0.614665   -0.919891   -0.450376    0.829531    0.903907   -0.434699
   -0.611200   -0.188855    0.490876    0.360425   -0.963468   -0.920311
   -0.522226   -0.094419    0.269443   -0.600121    0.351752   -0.534772
   -0.129362    0.354463   -0.189670    0.893487   -0.540482    0.618724
    0.716950   -0.394416   -0.162172   -0.519298   -0.656240   -0.844145
   -0.659533   -0.599931   -0.040941    0.453161   -0.813815    0.227447
    0.579941    0.728396    0.434259    0.671884    0.967939   -0.056623
   -0.553320    0.029571   -0.698083    0.014864   -0.284290    0.032047
    0.949903    0.489025   -0.322753    0.148978    0.632011   -0.141265
   -0.335366    0.554831    0.447599   -0.952694   -0.773105    0.514483
   -0.635310   -0.946948    0.679113    0.123489   -0.383327    0.283925
    0.965567    0.911911   -0.615888   -0.656253   -0.476736   -0.785070
    0.253542   -0.548341    0.785843   -0.432707    0.831930   -0.884192
    0.555683   -0.219182   -0.430440   -0.156726    0.900177    0.478538
   -0.146806    0.057857    0.238210   -0.311512    0.794239   -0.520118
   -0.355942    0.170221    0.039537    0.451835   -0.547540   -0.396924
   -0.648738   -0.763785    0.595106   -0.294610    0.833123    0.631000
   -0.158977    0.135603   -0.235015   -0.143960   -0.226356    0.086793
    0.676451    0.805355   -0.130121    0.220220    0.120635    0.709638
   -0.330953    0.495657    0.006802   -0.724139    0.744131    0.277238
    0.067833    0.657834    0.595966    0.363542   -0.560362    0.303829
    0.910605    0.194038    0.578753   -0.924823    0.271246    0.221805
    0.110732   -0.026826   -0.414162   -0.269351   -0.134129   -0.290186
   -0.382566    0.192236    0.673384   -0.022871    0.465405    0.581362
    0.986608    0.061319    0.053814    0.726746   -0.839826   -0.032338
    0.028246   -0.792501    0.553800    0.361893    0.408160    0.179682
    0.877149    0.955762   -0.336385    0.703086    0.378837    0.434642
   -0.681958    0.904947    0.649012   -0.231513    0.029857   -0.429840
    0.340643    0.797005    0.085793   -0.610837    0.137791    0.515523
    0.395712    0.181573    0.592266    0.539576    0.318264    0.922699
    0.690506   -0.004519    0.381521    0.044900    0.959279   -0.454527
    0.511989   -0.054745   -0.255158   -0.980645    0.456220    0.315093
    0.840629    0.465008   -0.066785    0.214588    0.113126    0.480925
    0.193534    0.668677   -0.604354   -0.726976    0.101347    0.609152
    0.814253    0.886191    0.065535   -0.446155   -0.852882    0.823977
   -0.184244    0.725224   -0.243730   -0.270397    0.916013    0.038014
   -0.829607   -0.303524   -0.876173   -0.837002    0.021136   -0.992320
    0.498579   -0.787164   -0.885830    0.799403   -0.046637   -0.253485
   -0.865963   -0.002984    0.824207   -0.612097   -0.507928   -0.114312
   -0.878872   -0.627681    0.474341   -0.233161    0.418101    0.534222
   -0.254315    0.386416   -0.915850   -0.044613    0.594906   -0.503770
    0.219043   -0.181249   -0.067644    0.019708    0.824134   -0.641856
   -0.672098    0.932359   -0.040706   -0.097309    0.707934   -0.448833
    0.695536    0.076703   -0.037246    0.258917   -0.119563    0.324474
   -0.006510   -0.871010   -0.364646   -0.103535    0.144226   -0.370409
    0.095192    0.433008   -0.539148   -0.999164    0.463406   -0.847617
    0.920030    0.796252    0.361092   -0.884761   -0.132252    0.766218
    0.359942    0.213809   -0.103889    0.609490   -0.148353   -0.823403
    0.053525   -0.827752    0.386018    0.236151   -0.749216    0.349834
   -0.491732    0.094939   -0.559403    0.640445    0.415277   -0.825885
    0.609387   -0.345107    0.639137   -0.685175    0.820794    0.511866
   -0.330589   -0.199187    0.520948   -0.502348   -0.885517   -0.029504
    0.763449   -0.060204   -0.364490    0.587579   -0.137564   -0.739951
    0.990238    0.757234   -0.774459   -0.180517   -0.284923    0.516530
   -0.567169   -0.745575   -0.436387    0.427035   -0.211747   -0.153741
    0.703052   -0.710358    0.530179    0.108928    0.790064    0.226067
    0.990051   -0.188182    0.511822   -0.673591    0.750567    0.724938
   -0.923726    0.160146    0.983097   -0.763894    0.057225   -0.306307
    0.515381    0.327713   -0.253890   -0.594674   -0.523283    0.653201
   -0.398028   -0.709221   -0.278658   -0.815629    0.694473   -0.109409
   -0.100607    0.534880    0.790837    0.508906   -0.320175    0.614474
   -0.239724   -0.804372    0.372738   -0.715530    0.532724    0.405529
    0.188581    0.562070   -0.264098    0.767728    0.549709    0.714500
   -0.169503   -0.686315   -0.687216   -0.456924    0.388344   -0.335978
   -0.100370   -0.237124    0.057492    0.516535   -0.416064   -0.803005
   -0.586099   -0.094230    0.058221   -0.820353    0.159419    0.152213
    0.655085    0.957353   -0.507879   -0.486446   -0.886697   -0.340037
    0.044589    0.938672   -0.040797    0.068692    0.620278   -0.570454
   -0.820639   -0.432586   -0.960418   -0.730387    0.681345   -0.490310
    0.128841   -0.973041    0.137272    0.092105   -0.425547   -0.363767
   -0.830673   -0.385175   -0.029009   -0.910786   -0.197273   -0.044074
   -0.202516   -0.828595   -0.789165    0.486671   -0.888841   -0.112467
   -0.472726   -0.295138   -0.948717   -0.668518    0.830647    0.030146
   -0.313509   -0.435582   -0.688497    0.945470    0.118972   -0.184214
   -0.194295    0.916969    0.295986   -0.660015   -0.076126   -0.572897
   -0.264658   -0.708556    0.225548    0.363403   -0.706601    0.237185
   -0.301974   -0.274980    0.368270    0.309142    0.121191    0.938071
   -0.927408   -0.671407   -0.913482   -0.122862   -0.227468    0.735472
   -0.022817   -0.451026   -0.039791   -0.065068   -0.704671    0.969261
   -0.562424    0.761639   -0.559072   -0.420985    0.716599    0.126133
    0.529671   -0.452803   -0.526959    0.955121   -0.737323    0.149472
    0.452286    0.565244    0.398089   -0.393844    0.869871   -0.060283
    0.905289    0.363231    0.956976   -0.410137    0.834645    0.246686
   -0.186227    0.335788   -0.675183    0.729680    0.794877   -0.851458
   -0.308205   -0.454217    0.914540    0.398782   -0.942390    0.510854
    0.262581   -0.152188    0.800491    0.625516    0.733277   -0.300922
    0.520947   -0.726141    0.369085   -0.669764    0.844591   -0.816322
    0.428187   -0.245343    0.394606    0.116782    0.846333    0.869256
    0.133222   -0.507425    0.601783   -0.883662    0.504286   -0.887242
    0.796431   -0.383515   -0.708073    0.860023   -0.552056    0.359013
    0.291678   -0.279146    0.816343   -0.540960    0.236347    0.208731
    0.944603    0.006977   -0.549082    0.224598    0.779648    0.217508
   -0.632280    0.699489   -0.242842    0.316833    0.641747   -0.416378
   -0.196309    0.291294    0.416755    0.524652    0.726150    0.563559
    0.809578    0.172787   -0.709753   -0.391994    0.285375    0.269807
   -0.730167   -0.254515    0.339348   -0.928160   -0.177186   -0.608638
   -0.762044    0.383299   -0.671430    0.341596   -0.468480    0.581492
   -0.729595   -0.697702   -0.608936   -0.698025    0.894706    0.188591
    0.346852   -0.358221   -0.931069    0.769085    0.818828   -0.880679
    0.274762   -0.113949    0.062505    0.103491   -0.345774    0.070256
   -0.365096    0.876249    0.569811   -0.271104    0.114840    0.224735
    0.117517   -0.660783    0.495506    0.771941    0.861080   -0.961207
    0.176076   -0.802778   -0.897063   -0.272028    0.380048    0.869510
   -0.413839    0.601117    0.455365   -0.712689   -0.389041    0.544967
   -0.890312    0.321821   -0.422143   -0.126156   -0.483557   -0.164370
    0.394732    0.287197    0.601141    0.714893   -0.237386   -0.140809
   -0.144704   -0.925275    0.678364    0.966463   -0.956887   -0.272585
   -0.413315   -0.353480   -0.904609    0.721651    0.533056    0.805951
    0.965350   -0.743908    0.684042   -0.600301    0.914085    0.906361
    0.554123   -0.664910    0.478111    0.723477    0.633337   -0.304663
    0.145700   -0.870703   -0.947740   -0.937871   -0.909222   -0.684073
    0.881251    0.455612   -0.490576   -0.206023   -0.576227    0.669591
    0.278451    0.736836   -0.795852    0.490800   -0.812666   -0.250333
   -0.318233   -0.076545   -0.366475    0.144609    0.868925   -0.328233
    0.722833    0.742384   -0.641393   -0.339254   -0.320552   -0.695151
    0.611038    0.266200   -0.978641   -0.578916    0.863335   -0.536788
    0.525935    0.528695    0.618063    0.964074    0.654345   -0.039747
   -0.207820   -0.949172   -0.271149    0.043644    0.593031    0.012230
   -0.279725   -0.824565    0.151267    0.674071    0.781075   -0.366519
    0.290125    0.649284    0.868404    0.013233    0.516492   -0.025376
    0.328019   -0.613081    0.695421   -0.138659   -0.491985   -0.277397
    0.524834   -0.413954   -0.129327   -0.193359    0.248749   -0.791966
    0.966621   -0.298559   -0.009095   -0.350650   -0.573859   -0.728810
   -0.562991   -0.208338    0.744878   -0.288091   -0.607664   -0.457650
   -0.781678   -0.319833   -0.980366    0.455322    0.240398    0.194532
   -0.007781   -0.326050    0.930968   -0.175329    0.626558    0.374014
   -0.316985    0.084146   -0.438658    0.994610   -0.505383   -0.505741
    0.985386   -0.772437   -0.214288   -0.635257    0.081036    0.014014
   -0.592159    0.413381   -0.052633   -0.123267    0.171736    0.119513
    0.166477   -0.134976   -0.563486    0.706366   -0.125038   -0.895382
   -0.271670   -0.892615   -0.869226    0.823401   -0.294549    0.994729
   -0.709413   -0.100908   -0.910687    0.667089    0.912635   -0.515603
    0.225400   -0.750098   -0.024349    0.471600    0.477530   -0.229598
   -0.812708   -0.947533   -0.770691    0.285931   -0.383231   -0.070268
    0.924640    0.017962    0.742995    0.646318   -0.680216   -0.226873
   -0.675882   -0.072142    0.273579   -0.528073   -0.305134    0.176090
   -0.606863   -0.652252   -0.929331   -0.319785    0.539489    0.994845
   -0.263690   -0.130275    0.275059    0.850707   -0.017757    0.568692
   -0.034912    0.262538    0.241267   -0.142608    0.782293   -0.169172
    0.458239   -0.337432    0.773842    0.174626    0.919751   -0.005980
   -0.196995    0.079347   -0.196727    0.826107   -0.247525    0.534635
   -0.829694   -0.722776    0.751938   -0.100616   -0.306771   -0.604564
    0.991447   -0.884756    0.377722    0.353193    0.402340    0.765131
   -0.157947    0.437398    0.051839    0.981992   -0.341655    0.733203
   -0.757774    0.078426   -0.612423   -0.844510   -0.898417    0.396522
   -0.691878    0.914875   -0.999709   -0.475486    0.643442    0.014508
   -0.280198   -0.987586    0.345846    0.130182    0.300970    0.693928
   -0.160953    0.808449   -0.295698    0.089651    0.975386   -0.602005
    0.188259   -0.453271    0.931892    0.912210    0.285170    0.610264
    0.061083   -0.412383   -0.066937    0.624608    0.547398    0.771200
    0.334300    0.972280    0.755037   -0.097602   -0.972908    0.083058
    0.144470    0.622929    0.644637   -0.805451    0.586056    0.071423
    0.090094   -0.096305   -0.154220    0.482945   -0.812497   -0.107214
    0.017163    0.024813    0.364110   -0.565001   -0.158718    0.263194
   -0.934081    0.951757   -0.997742   -0.666839   -0.708474    0.813272
   -0.955136    0.155772   -0.074904   -0.272068   -0.223431   -0.403258
   -0.002083   -0.744154   -0.130298    0.934734   -0.999773   -0.639476
    0.922940   -0.730832   -0.903354   -0.348061    0.173512    0.727901
    0.749025   -0.286913   -0.005123    0.262352   -0.796712   -0.150792
   -0.486924   -0.615753    0.118725   -0.257598    0.054675    0.107765
   -0.246722   -0.404406   -0.334860   -0.080546    0.192507   -0.417008
   -0.700528   -0.242360    0.748902   -0.313695   -0.215720    0.722484
    0.937220    0.366016   -0.301961    0.283495   -0.305237   -0.113676
   -0.347039    0.981029   -0.223670   -0.194544    0.520180   -0.274273
   -0.255497   -0.363988    0.979658   -0.368632    0.913597   -0.811780
   -0.187627    0.031707    0.234975    0.483008   -0.456113   -0.072686
    0.716724   -0.826660   -0.000987    0.107599   -0.933327    0.525383
   -0.343125    0.484149   -0.171619   -0.451324    0.495376    0.676319
    0.892350    0.301329    0.887218    0.092143   -0.213684    0.678169
   -0.133271    0.504747    0.972248   -0.830242    0.364646    0.059832
    0.388338    0.076140   -0.073753    0.412470   -0.698634   -0.440769
   -0.649853    0.660791   -0.236460   -0.656668   -0.593249   -0.334041
    0.256920   -0.849249   -0.410453   -0.941422   -0.487404   -0.947781
   -0.639686    0.861233   -0.558517   -0.419161    0.765963   -0.893465
    0.954425    0.369762    0.632727   -0.372355   -0.620353    0.666685
   -0.008902   -0.937844    0.258297    0.198746   -0.977160   -0.609634
   -0.812390   -0.491692    0.620570   -0.213214    0.647851   -0.159856
   -0.311654   -0.393494    0.801053    0.744435   -0.779956    0.005559
   -0.011751   -0.754117    0.209067    0.298188   -0.754783   -0.854073
    0.499601    0.310531   -0.502015    0.304454   -0.430550    0.790927
    0.074698   -0.093510    0.789958    0.613741    0.841118    0.004522
    0.233306    0.506939    0.880522   -0.486719   -0.987920   -0.521818
   -0.748495    0.707985    0.161829    0.318156   -0.792482   -0.601354
   -0.794173    0.945586    0.808814   -0.723029   -0.083119   -0.342814
   -0.059534    0.372866   -0.164043    0.562741    0.731440   -0.045196
   -0.943578    0.236178   -0.619890   -0.363558    0.064995   -0.324636
    0.288546    0.984830   -0.034545    0.516261   -0.385042   -0.947791
   -0.879614    0.126839   -0.207868    0.681122    0.345738   -0.827300
   -0.819076   -0.462399   -0.807174    0.299371   -0.317752    0.990209
   -0.832063    0.813734   -0.460065   -0.256406   -0.613341   -0.599943
    0.380585    0.535635   -0.647267   -0.111895    0.234149   -0.950753
   -0.209256   -0.202483    0.276750   -0.543069    0.669226   -0.090621
   -0.259317   -0.263918    0.833281    0.543519    0.385022   -0.330649
   -0.427662   -0.770130    0.137746   -0.020264   -0.568356    0.268315
   -0.219753   -0.939490   -0.640417   -0.127186   -0.084068   -0.858537
   -0.587283   -0.174544    0.377791    0.356951    0.995129    0.055087
   -0.802497   -0.716908   -0.597602    0.656090    0.140080    0.674546
   -0.615491   -0.628751    0.245248    0.582217    0.414051    0.790681
    0.281645   -0.461167   -0.021992    0.124729   -0.751499   -0.358154
   -0.567662    0.442822    0.329434   -0.689881   -0.610413    0.328592
   -0.276916    0.543925    0.213985    0.421579    0.799787    0.743008
    0.097931   -0.272528    0.064205    0.921941   -0.595004   -0.427811
    0.515834    0.806345   -0.264969   -0.553756   -0.335603   -0.203070
    0.392263   -0.892889   -0.322194   -0.336070   -0.173425    0.058912
   -0.131273    0.647771   -0.178547   -0.781229   -0.777944   -0.218131
   -0.749162    0.515762    0.241173   -0.483254    0.264436   -0.971016
    0.763270    0.479000   -0.703279    0.265450    0.570746    0.097332
    0.181282    0.947663   -0.727127    0.220935    0.865090    0.172556
   -0.747389    0.387182    0.650964   -0.901329    0.117728    0.245515
    0.972511   -0.627894    0.959908    0.657542    0.090614    0.263566
   -0.022667   -0.131304    0.696864    0.737408    0.503312   -0.175054
   -0.597607    0.613658    0.680764    0.891869    0.402637   -0.247070
   -0.323582   -0.297670   -0.537348    0.585841   -0.361924   -0.877205
   -0.148837   -0.427310    0.747976   -0.200066   -0.712940   -0.430380
    0.848797    0.245218    0.703215   -0.439291   -0.075887    0.545478
    0.228382   -0.705957    0.171163   -0.391801   -0.023428    0.537766
    0.345590    0.780063   -0.594123    0.096848    0.772815    0.792480
   -0.122936    0.002244    0.622467    0.464405   -0.685518    0.970040
    0.367062    0.197906   -0.543810   -0.329315   -0.970381   -0.336647
   -0.005664   -0.792917   -0.037226    0.098726   -0.249078   -0.393153
   -0.530359    0.460989   -0.849052   -0.340049   -0.170525   -0.926679
   -0.908020   -0.306803   -0.608634   -0.554663    0.844207    0.428702
   -0.170181    0.019263    0.842792    0.810336   -0.073107    0.883103
   -0.082967   -0.509421    0.795835   -0.618699   -0.675894    0.336264
   -0.894671   -0.648578   -0.227512   -0.542324    0.771710   -0.612391
   -0.220898   -0.852880    0.351663    0.315724    0.207360   -0.951385
    0.917642    0.355144   -0.889249    0.491207    0.369519   -0.199722
   -0.643971   -0.524335   -0.185456    0.969701   -0.541817    0.553701
    0.726428    0.777945   -0.522134    0.861094   -0.981155    0.594434
    0.070483    0.662901   -0.220067    0.090711   -0.774248   -0.058305
   -0.668186   -0.322301   -0.823031   -0.325288    0.266533   -0.932913
    0.376944   -0.482557   -0.031440   -0.988249   -0.625740    0.351357
   -0.279627   -0.558853    0.933323    0.337155    0.393298   -0.333492
   -0.200050    0.805696    0.399804   -0.770950    0.193949   -0.117214
    0.248401    0.294926    0.089653    0.127952    0.038346   -0.552951
   -0.482312    0.213361   -0.312524   -0.592512   -0.335461    0.346352
   -0.959098    0.126122    0.444757   -0.349264    0.041007    0.305191
   -0.500525    0.414904    0.030299   -0.339975   -0.540149   -0.936618
   -0.108808    0.277108   -0.128462   -0.365191   -0.351845   -0.166993
    0.875915    0.529106   -0.178405    0.890604    0.641770    0.062884
    0.019671    0.112821    0.076163    0.626011   -0.960058    0.145504
    0.938603    0.115338    0.055798    0.345560   -0.719386    0.272216
   -0.729502    0.910040    0.078942   -0.632886    0.560054   -0.385948
    0.753064   -0.176554   -0.821933   -0.177989   -0.103286   -0.577018
   -0.225998    0.342621    0.554113   -0.856002    0.871716    0.571540
    0.434915   -0.517519    0.735193    0.108352    0.032333    0.584612
   -0.721336   -0.123592    0.374662   -0.401902    0.083563   -0.457053
    0.324133    0.174260    0.384304   -0.693124    0.841023   -0.102198
   -0.314268   -0.570438    0.056311    0.072057    0.288708   -0.478800
    0.710562   -0.575935    0.793117   -0.138759   -0.432722    0.187521
    0.924573   -0.870178    0.230169    0.319751    0.038141    0.381461
   -0.485140    0.950859    0.578109   -0.419235   -0.439410    0.697565
   -0.114452    0.658673   -0.959105   -0.886237   -0.018140    0.323957
   -0.811890   -0.587121   -0.243874    0.054227    0.231138    0.997165
    0.202758   -0.190999   -0.938392   -0.387183   -0.709689    0.131260
   -0.531563    0.725952   -0.302941   -0.674559    0.566530   -0.574057
    0.118240   -0.684043    0.356999    0.391935    0.601751   -0.827593
    0.613718   -0.627887   -0.933764    0.461635    0.438363   -0.664414
    0.948957    0.723091   -0.736220    0.025753    0.453764    0.369526
   -0.228333    0.673875   -0.737315    0.849367    0.191845    0.556155
   -0.090723   -0.999894    0.608387    0.769662   -0.937438    0.636636
    0.544028    0.149163   -0.389798    0.262798    0.801690   -0.735336
   -0.720674   -0.589228    0.166636    0.708654    0.736022    0.578527
    0.778532    0.320339    0.820561    0.427504   -0.585211    0.631234
    0.043115    0.674635   -0.764276    0.730619    0.896965    0.106895
    0.255247    0.072458    0.888873    0.555895    0.775368    0.974004
    0.148922   -0.251521    0.884458    0.593372    0.160063   -0.029223
    0.251066   -0.251260    0.822280   -0.009478    0.083287   -0.248822
   -0.169742    0.744395    0.799360    0.721349   -0.132953   -0.543368
    0.982807   -0.702814    0.597798    0.595778    0.701249   -0.873037
   -0.740941    0.768858    0.403947   -0.352873    0.859785    0.557988
    0.783864    0.455531   -0.836733   -0.742425   -0.949643    0.865171
    0.288933   -0.485583   -0.765090   -0.972716    0.002962   -0.320346
    0.050501    0.689040   -0.397555   -0.629777    0.681027   -0.617024
   -0.101509   -0.677997    0.285083   -0.078068   -0.058352   -0.699716
   -0.005390   -0.374402   -0.334873    0.945663    0.392755   -0.938037
   -0.656203   -0.054579   -0.730311   -0.625591   -0.181749   -0.610889
   -0.394779    0.885112    0.002448    0.216182   -0.616469   -0.775236
    0.125808   -0.357915    0.202883    0.747702   -0.712067   -0.591720
    0.882654   -0.784799    0.945196   -0.252236   -0.100206    0.444349
    0.966194   -0.721443   -0.384635   -0.829746   -0.248383   -0.411135
    0.346854    0.267105    0.677825   -0.862999    0.534603    0.620779
   -0.499867    0.042087    0.254507    0.691357    0.044739   -0.350906
    0.707688    0.616354    0.039708    0.853473   -0.537622   -0.959842
    0.727818    0.149237    0.961335    0.415546    0.105534   -0.691378
    0.188977    0.111100   -0.624735   -0.118363    0.082498    0.253422
   -0.865449    0.456491    0.700543   -0.253757    0.902663   -0.134037
    0.588153    0.378717    0.534828    0.875874   -0.064670   -0.126081
    0.776397    0.511666    0.913000   -0.595687    0.776647   -0.577010
   -0.262851    0.834278    0.601256    0.421078    0.382364    0.076990
   -0.903841    0.608899    0.324542   -0.086116   -0.153612    0.538396
   -0.699672   -0.668591    0.675634    0.667746    0.218081    0.601380
   -0.002235   -0.126146    0.078478   -0.031683    0.320708   -0.932836
    0.102468    0.657477   -0.152097    0.205692    0.991507    0.407539
    0.545291    0.005652   -0.000534    0.310160   -0.077268    0.874903
   -0.861063    0.912831    0.823424    0.736153   -0.670880    0.978181
    0.635708    0.294733   -0.054021   -0.173824    0.519166    0.685755
    0.631868    0.760742   -0.830162    0.307820   -0.534488   -0.108813
    0.201894   -0.486373    0.878618    0.543982   -0.812495    0.211360
    0.289282   -0.819372   -0.481605   -0.971385    0.261003   -0.116920
   -0.981423   -0.119114   -0.609338    0.248779   -0.973046   -0.584183
    0.991992   -0.190617    0.719948    0.518954   -0.846703    0.205252
   -0.648985   -0.791286   -0.626668   -0.423952    0.155931    0.457245
   -0.692920    0.985387    0.255780   -0.418246    0.164548    0.678940
   -0.119288   -0.039643   -0.805415    0.974303   -0.668601   -0.290337
    0.427146   -0.373446    0.140977   -0.423920    0.455947   -0.605659
   -0.857105   -0.639569    0.470195   -0.191009   -0.658186    0.311917
    0.053870    0.667951    0.059566   -0.228257   -0.557089    0.365574
   -0.317173    0.952836   -0.276062    0.812047   -0.684378    0.060851
    0.393420    0.635220   -0.084454   -0.943174   -0.820048   -0.560629
   -0.926085    0.728541    0.156348   -0.348549   -0.924418   -0.438853
   -0.419736    0.631659   -0.234435   -0.847929   -0.552738    0.352931
   -0.334420   -0.621099   -0.401405    0.292961   -0.162522    0.588422
   -0.547026   -0.231700   -0.070588    0.599313   -0.595831    0.802213
    0.407607    0.043311   -0.511612    0.488044    0.409911    0.026264
   -0.650776   -0.386327   -0.318952   -0.479005   -0.762039    0.534708
   -0.339382    0.061198   -0.834497    0.512467    0.695878   -0.518971
    0.772407    0.067171    0.139238    0.408771   -0.053555    0.953918
   -0.104324   -0.862733   -0.109090   -0.223514   -0.554835   -0.581055
    0.699032   -0.569186   -0.953694   -0.765537   -0.281358    0.552390
    0.514559    0.831780   -0.559879    0.996701   -0.929049   -0.798384
    0.346681    0.353596   -0.671544   -0.071249    0.060419    0.989030
   -0.771463    0.615944   -0.438663   -0.587397    0.774564    0.032904
   -0.329800   -0.083140    0.637277    0.102428    0.165770   -0.686618
    0.674053    0.557601    0.023027   -0.101926   -0.987126    0.453413
   -0.345900    0.775528    0.155321    0.808700    0.814906    0.677370
   -0.294846    0.247803   -0.773047    0.491467    0.911943    0.496513
   -0.016645    0.507350   -0.733808    0.197207   -0.821653   -0.155886
   -0.246275    0.319287    0.232982    0.970856   -0.862442   -0.403363
    0.860582    0.389119    0.009866    0.998405   -0.622836   -0.723755
    0.189700    0.894344   -0.838114   -0.588485   -0.310360    0.781020
   -0.154139    0.267879    0.694538   -0.535641    0.916115   -0.378950
   -0.175136   -0.507853    0.409615    0.866691   -0.789340   -0.212775
   -0.851060   -0.320978    0.331759    0.490508    0.621311    0.169046
   -0.109440    0.080646   -0.197395   -0.548033    0.093522    0.595822
    0.288666    0.833779   -0.570134   -0.805220   -0.579098   -0.968678
    0.001338    0.342631    0.658800   -0.381866   -0.680217   -0.433549
   -0.108296   -0.382897   -0.860155    0.626444   -0.191588    0.684646
    0.869291   -0.463774    0.481225   -0.978796    0.888960   -0.502990
   -0.579571    0.921530   -0.818802   -0.596998    0.350416    0.545759
   -0.712463    0.667993    0.548869    0.483472   -0.805962   -0.808370
    0.745996    0.814851    0.760098   -0.734669   -0.734372    0.646698
    0.798260   -0.002218   -0.399818   -0.107538    0.629470    0.739541
   -0.355574    0.345195    0.116656   -0.599482    0.572466    0.488202
    0.297815   -0.899260    0.562003    0.211307   -0.186540    0.176556
    0.800605    0.551304    0.220186   -0.414748    0.300034   -0.883661
   -0.993189    0.279806   -0.772728   -0.116542    0.622999   -0.831028
    0.661080   -0.476901    0.074456    0.539962    0.537770    0.662847
    0.045911    0.923862    0.463399    0.748943    0.034097    0.339652
    0.811692   -0.937073   -0.472966    0.735974    0.017136    0.704033
    0.954030   -0.004473    0.122138    0.147793    0.201956   -0.462919
   -0.521973   -0.852370    0.503576    0.260852   -0.315863   -0.554901
   -0.042681   -0.633634    0.444959   -0.870762   -0.571375   -0.047040
    0.541399    0.878450    0.655216    0.366930   -0.290854    0.411029
   -0.601663    0.950700    0.618681   -0.368041    0.727679   -0.974628
   -0.370435   -0.051346    0.026223    0.481535   -0.319855   -0.411760
    0.807549   -0.077970    0.296384   -0.714032    0.869005    0.860248
   -0.103786   -0.720096   -0.709016    0.843290   -0.189291    0.955147
    0.364678    0.668997    0.117158    0.698356   -0.064702    0.267897
    0.026359   -0.814633   -0.652870    0.746522    0.481820   -0.287997
    0.671494   -0.737230   -0.245734   -0.271606   -0.581251    0.196976
    0.671107    0.914806    0.720182   -0.554717    0.637683   -0.250746
   -0.602605    0.306991   -0.658151   -0.303376   -0.098152   -0.527629
   -0.836678   -0.560147   -0.672637    0.480553   -0.496117    0.911386
   -0.342347   -0.839257    0.276656   -0.019525   -0.440583    0.655480
    0.612645    0.129744   -0.043918    0.990898   -0.003398   -0.645633
   -0.693639    0.636958    0.474833   -0.145379    0.302192   -0.483396
   -0.930277   -0.339242   -0.875454    0.286932   -0.716947    0.305264
    0.537899    0.575379    0.707767    0.778549   -0.794579   -0.249943
    0.895976    0.264845   -0.502989    0.830249    0.187109    0.457832
    0.666294    0.158919   -0.628612    0.981366    0.865415    0.374693
   -0.172058   -0.257640   -0.089558   -0.600626   -0.514472   -0.709939
    0.547924    0.325702   -0.874862   -0.937967    0.147838   -0.893713
   -0.055192   -0.801935    0.398252    0.361067   -0.634054    0.238394
   -0.050495   -0.372572    0.770713   -0.149530    0.697703    0.205445
   -0.529950    0.829746   -0.405894   -0.789841   -0.473886   -0.410487
   -0.175848   -0.810766   -0.251485    0.392814    0.832576    0.117350
   -0.983710   -0.291926    0.831037    0.177837    0.334516   -0.874169
    0.228564    0.437436    0.157494   -0.844990    0.286379   -0.652233
    0.076627    0.456020    0.117172    0.215068    0.374892    0.806173
   -0.579242    0.627676    0.476482    0.969589   -0.550936    0.146317
    0.844590   -0.692653    0.964545   -0.400510    0.190283    0.601731
    0.356592   -0.685965    0.384350    0.782833    0.083751   -0.001110
    0.862661    0.530581    0.489701   -0.769466   -0.668308    0.913430
   -0.202058    0.534463    0.987754    0.301441    0.950790    0.775809
    0.284265   -0.066542   -0.762344   -0.968859   -0.194407   -0.644950
   -0.801205    0.128649   -0.924006   -0.737406   -0.057901    0.378005
    0.041617   -0.288780    0.760370    0.136176   -0.906256    0.167983
   -0.776270    0.747962   -0.671477   -0.111282    0.785355   -0.055588
    0.259140   -0.459657    0.238716   -0.502738    0.821575    0.618200
   -0.505286    0.846356   -0.424225   -0.988048    0.318467    0.054770
   -0.688412   -0.459054    0.372130   -0.432757    0.509910   -0.799824
   -0.718668   -0.324538    0.399979   -0.819102   -0.914074   -0.445742
    0.421287    0.667594   -0.756836   -0.356844    0.511571   -0.231924
   -0.296209    0.902111   -0.786305   -0.802705   -0.128338    0.822954
    0.800092    0.374302    0.888796   -0.227223    0.014584   -0.023800
   -0.638600   -0.363020   -0.866974    0.912279   -0.602074    0.250522
   -0.625653    0.669027    0.761667   -0.527616    0.906374   -0.585031
   -0.754337   -0.669624    0.233581   -0.066228    0.964259    0.412274
    0.367742    0.025721    0.987050    0.913108   -0.213742    0.018481
   -0.338978   -0.216529    0.337769   -0.177782    0.604230   -0.292987
   -0.620981    0.040761    0.087738    0.076925   -0.173572    0.113266
   -0.534947   -0.618608   -0.747514   -0.214082    0.353292    0.000358
    0.387666    0.096121   -0.004240    0.658132   -0.892422   -0.942705
   -0.853964    0.399638   -0.838985   -0.488142    0.383566    0.662374
   -0.753226   -0.186688    0.805229    0.893194   -0.917507   -0.940240
    0.812844    0.450457   -0.015879    0.370131   -0.316589    0.866558
   -0.055333    0.646238   -0.216269   -0.884347    0.369990   -0.785782
   -0.802964   -0.096124   -0.179497    0.640960   -0.899586    0.264529
    0.777251    0.718660    0.537037    0.248853    0.153187   -0.912187
   -0.562430   -0.791600    0.773821   -0.579359    0.768282    0.719195
    0.946794    0.599984   -0.355870   -0.776115    0.604988   -0.241335
    0.983827   -0.484248    0.199390    0.042078    0.295781   -0.651810
    0.945988   -0.214644    0.655837    0.168530    0.294589   -0.536360
    0.564104   -0.342030    0.454035    0.223608   -0.826505    0.412999
   -0.253582   -0.628768   -0.018846    0.829257   -0.092436    0.870490
    0.107400   -0.694297    0.964457   -0.968820   -0.874073   -0.871663
    0.154204   -0.052444    0.975719    0.053447    0.487254   -0.740137
    0.327344   -0.412692   -0.329107   -0.411728   -0.757460   -0.005707
    0.399022    0.857163   -0.230022   -0.114892   -0.259570    0.954109
    0.695004    0.775130    0.083018   -0.402511   -0.952425    0.979300
   -0.660538    0.453579   -0.842353    0.480851    0.609655   -0.159826
   -0.492817   -0.623968   -0.061019    0.410680   -0.374062    0.310843
   -0.103197   -0.362723   -0.210029    0.281151   -0.068851   -0.310988
   -0.022611    0.354553    0.656658   -0.513868    0.315003   -0.842481
   -0.121072   -0.846516    0.613723    0.638050    0.355561    0.111393
    0.511961   -0.524005   -0.294784    0.247273    0.090142   -0.081560
   -0.123235   -0.466837   -0.690533    0.616428   -0.450685    0.433936
    0.797034    0.175267   -0.617226   -0.489440    0.104894   -0.612015
   -0.632210   -0.937044   -0.812595   -0.592019    0.865210    0.549020
   -0.314459   -0.800373   -0.812715    0.190508   -0.256978    0.454134
   -0.527947    0.770276    0.722100   -0.914907    0.146599   -0.387221
   -0.381204    0.864754   -0.906679   -0.836521    0.732284    0.907153
   -0.652365   -0.920390    0.125620    0.953660   -0.812475    0.592000
   -0.111529   -0.814451   -0.558227   -0.049846    0.568065    0.059875
    0.512384   -0.755421    0.707358    0.500782    0.902014    0.842836
   -0.631857   -0.047185    0.275340   -0.440510    0.894189   -0.563023
    0.700954    0.409919   -0.430231    0.809988    0.291651   -0.946800
   -0.088701    0.524952   -0.417567   -0.845513    0.152531    0.720752
   -0.995651   -0.264339   -0.334536    0.829975    0.294982    0.411755
   -0.126115   -0.908164    0.788050   -0.378429   -0.568892    0.545923
   -0.823492    0.959532    0.034896    0.232144   -0.792529    0.076824
   -0.928957   -0.770744    0.501101    0.547903   -0.644354   -0.339989
   -0.568652    0.437754    0.877344   -0.496873    0.714532    0.947121
   -0.188687    0.436533    0.565419    0.691817   -0.970996    0.562577
    0.159377    0.149614   -0.676898   -0.688669   -0.033164   -0.551371
    0.644648    0.958485   -0.809448   -0.193144    0.920579   -0.893518
   -0.063631    0.667565    0.998504   -0.512567    0.715249    0.711733
   -0.803603    0.145545    0.909046   -0.274455   -0.984836   -0.474834
   -0.728733    0.466002   -0.555657    0.757580   -0.870469   -0.924798
    0.096961   -0.273937    0.398348   -0.855826   -0.107159   -0.042283
    0.430718    0.831278   -0.590925   -0.225738    0.948844   -0.612850
   -0.439047   -0.975857   -0.500350   -0.334098   -0.167392   -0.334885
   -0.076617    0.637160    0.747446    0.116851   -0.437577    0.054641
    0.409955    0.430018   -0.082333   -0.567665   -0.607238    0.296899
    0.849719   -0.429345    0.420353   -0.184606    0.320452    0.172271
   -0.333573    0.445960   -0.453484    0.209959   -0.090399    0.365238
   -0.796853    0.241184    0.121504   -0.982478    0.632855   -0.472659
    0.800980   -0.316764   -0.477139    0.867300    0.282392    0.584615
   -0.551216    0.765884   -0.425003   -0.640178    0.596027    0.622379
    0.190864    0.551691   -0.152393    0.320212    0.076275    0.312586
   -0.934976   -0.912533    0.086605   -0.706332    0.163999   -0.969210
    0.651087    0.335850    0.384791   -0.244338    0.194531    0.724171
    0.330029   -0.134859   -0.876412    0.955699   -0.037638   -0.205699
    0.565080   -0.280681    0.630551    0.366706    0.941112   -0.788608
   -0.236879   -0.682466    0.593728    0.233228    0.722513   -0.041667
   -0.057133    0.561896    0.586100    0.721420   -0.691831   -0.539540
   -0.428942   -0.171374    0.785360    0.750195    0.849718   -0.194614
    0.304219   -0.794124    0.383125    0.148440    0.030193    0.588349
    0.178449    0.508908   -0.973504    0.187870    0.813172   -0.112721
    0.636791   -0.573487   -0.615325    0.483517   -0.932129   -0.386799
    0.639747   -0.536104   -0.207393   -0.874779   -0.628289    0.241606
   -0.308630   -0.085227   -0.077461   -0.196930   -0.045686   -0.923000
   -0.403556   -0.835700    0.175087    0.885497    0.239984    0.845341
    0.489811   -0.912351    0.558736   -0.745085   -0.391178    0.901256
    0.081233   -0.619075    0.319445   -0.892590   -0.662899    0.452137
   -0.871721    0.977781   -0.717398   -0.107162    0.551649    0.312813
   -0.588272   -0.639378    0.378771   -0.135388    0.705108   -0.893329
    0.560084   -0.805768    0.749728   -0.177098    0.073734    0.337472
    0.111563   -0.577373    0.465782   -0.364654    0.058796   -0.523398
   -0.635031    0.322771    0.469826    0.222443   -0.345727    0.652976
    0.757793   -0.771462   -0.600327   -0.659936   -0.221209   -0.783854
   -0.812155    0.358364   -0.573286   -0.222438    0.683676    0.009776
   -0.817625   -0.616834   -0.867577    0.652693   -0.524732    0.849063
    0.960322    0.876958   -0.686185    0.844634   -0.119184   -0.203023
   -0.120745   -0.839681   -0.109567   -0.439630   -0.842352    0.295014
   -0.302734   -0.580961    0.624265   -0.570613   -0.493988    0.505905
    0.844784    0.579855    0.019403    0.264831    0.782420   -0.639064
    0.399409    0.148627    0.907307   -0.895115   -0.942565   -0.712134
    0.559690    0.496463   -0.195387    0.376558   -0.984795    0.567230
    0.743425   -0.161191   -0.738216    0.505629    0.355550    0.828282
   -0.000998   -0.850370   -0.769568    0.399214    0.186216    0.478811
    0.369112    0.703940    0.363132   -0.575556   -0.934494    0.675291
    0.480705   -0.645949    0.013372    0.315095    0.229026   -0.337201
   -0.534889   -0.130490    0.047227   -0.932558    0.991331    0.854404
    0.078880   -0.725419    0.542634    0.394907   -0.014291   -0.761296
    0.009723   -0.450615   -0.483812   -0.526454    0.155581   -0.511561
   -0.977419    0.611253    0.447302    0.544836   -0.625323   -0.850704
   -0.509800    0.122856    0.905620    0.745862   -0.765874    0.243524
    0.311113    0.440771   -0.409234    0.427691   -0.415355   -0.201907
   -0.374674   -0.884169    0.114207   -0.923025   -0.503614    0.704417
    0.885167    0.061480    0.193722    0.048000   -0.760405    0.640668
   -0.212377   -0.543734   -0.007473    0.368330    0.833728   -0.545839
   -0.921797   -0.919889   -0.914646    0.921428    0.116415   -0.353742
   -0.312524    0.002221   -0.288958    0.460409   -0.438376   -0.212264
   -0.155653   -0.324970   -0.773609    0.659288   -0.344112   -0.519586
    0.098839   -0.211228   -0.182187   -0.168335    0.533148    0.953642
   -0.417389   -0.232683    0.098986   -0.114901    0.932357    0.511143
   -0.548984    0.633656    0.558496    0.033339   -0.932088   -0.239753
    0.433996   -0.953796   -0.296447   -0.965523    0.605480    0.101737
    0.564211    0.888054    0.621522    0.127558    0.228868   -0.654063
   -0.401569   -0.147047   -0.752823   -0.482899   -0.237814    0.982152
    0.884418   -0.088889    0.501412   -0.747507    0.133974   -0.916282
   -0.246674    0.410977    0.085667    0.370413    0.349170   -0.692584
    0.958370    0.902958   -0.069758    0.879279   -0.853631    0.797010
   -0.165784   -0.611639    0.754568   -0.100775    0.010069   -0.283211
   -0.426221   -0.696929    0.535517    0.244464    0.630425   -0.300132
   -0.283614    0.262979    0.438652    0.154857    0.682704    0.329845
   -0.556734    0.294041   -0.613916    0.470849    0.250364    0.176397
   -0.695165   -0.915704    0.474437    0.980919   -0.834581   -0.550521
   -0.245182   -0.316336    0.636770   -0.451775   -0.118152    0.009349
   -0.093050    0.006975    0.757011    0.416623   -0.193996    0.315158
    0.559848   -0.099048    0.190372    0.891146   -0.544750   -0.141449
   -0.539987    0.031720    0.493126    0.493103    0.514636    0.854767
   -0.128584   -0.570371   -0.513295    0.388788    0.827479    0.827148
    0.099924    0.167860   -0.286059   -0.741000    0.020215   -0.381448
   -0.017443   -0.790876   -0.152433    0.187249    0.604410    0.595158
    0.084038   -0.857966   -0.553947    0.622070   -0.488999    0.518060
   -0.491633   -0.000993    0.985346   -0.884231   -0.201195    0.812409
    0.403433    0.834495   -0.233867   -0.828674   -0.318594    0.522473
    0.478018   -0.720496    0.107533   -0.267262    0.388626    0.233179
    0.851418    0.729234    0.499794   -0.354187    0.924070   -0.553098
   -0.002571   -0.576414    0.899019    0.988472    0.680535   -0.088359
   -0.454938   -0.218145   -0.620383   -0.972170    0.709423   -0.197745
    0.411051    0.980552    0.281614    0.031488   -0.685039   -0.428430
   -0.817726    0.945346    0.914822    0.555775   -0.198499   -0.698752
   -0.432490   -0.268650    0.502283   -0.966697   -0.479214    0.201035
    0.948679    0.302117    0.047208    0.334518    0.783263   -0.077327
   -0.068944    0.192751   -0.488412    0.543686   -0.850928   -0.142924
    0.001910    0.632644    0.222571    0.224386   -0.864555    0.717488
    0.099319   -0.132166    0.822638    0.708052    0.694167   -0.943690
   -0.011074   -0.246279    0.004104    0.251091   -0.661713    0.463745
    0.647474   -0.654277   -0.755827   -0.747673   -0.872515    0.328614
   -0.203693    0.817215    0.689811    0.365149   -0.140389   -0.475291
    0.815646    0.254296   -0.043408   -0.410381   -0.130068    0.801100
   -0.703664    0.464113    0.743911    0.080312   -0.537111   -0.608923
    0.123518    0.529931   -0.500369    0.230476    0.027571   -0.434142
    0.731674    0.247783   -0.740207    0.896241    0.684744    0.171686
    0.171653   -0.385466   -0.562325   -0.480739    0.341946    0.131852
    0.305446   -0.684640   -0.967563   -0.191433    0.007587    0.534945
    0.560997    0.786400   -0.991951    0.468917    0.420241    0.505528
   -0.744539    0.745486    0.585669   -0.481141    0.285876   -0.479870
    0.332071   -0.182921   -0.880869   -0.044866   -0.648730   -0.041025
    0.910358    0.257072   -0.892027   -0.439335    0.524430   -0.553967
    0.555093    0.116312    0.660088    0.720395   -0.717030   -0.879762
    0.098894    0.180841   -0.953645   -0.233565    0.837296   -0.495716
   -0.404318   -0.814490    0.731812   -0.966800   -0.889475   -0.283863
   -0.071473   -0.209649   -0.873274    0.143716   -0.870206   -0.875384
   -0.038700    0.836097   -0.812073    0.341915    0.903349   -0.644005
   -0.786182   -0.953391   -0.516085    0.897117    0.569256    0.239184
    0.959918   -0.945176    0.249176   -0.923895   -0.971461    0.596067
    0.873577    0.390946    0.354375   -0.039738    0.796544   -0.565188
   -0.106618    0.743217    0.911635    0.358332    0.104057   -0.550193
    0.432789    0.903057    0.272373    0.802385    0.424319    0.475969
    0.647096    0.308278   -0.206984    0.085873   -0.747828   -0.791525
    0.490847    0.405502   -0.158067   -0.690252    0.540130   -0.792859
    0.679264    0.135571    0.746211    0.808296    0.680632    0.062542
   -0.852825    0.219076   -0.389526   -0.152757   -0.660120    0.402956
    0.490181   -0.752734   -0.020811   -0.272579   -0.314025    0.089186
   -0.538724    0.577975   -0.786441   -0.801993    0.973954    0.393977
    0.428259    0.418481    0.657985    0.357036   -0.952663   -0.046073
    0.616934    0.823840    0.437227   -0.211663    0.167422    0.818053
   -0.351821    0.662031   -0.891030   -0.504076   -0.632393    0.132532
   -0.280227   -0.397033    0.407559    0.344428    0.448490   -0.541651
    0.208185    0.776340   -0.113583    0.736232   -0.738947    0.200448
   -0.875632    0.567572   -0.093473   -0.918523   -0.588956   -0.822792
    0.578080   -0.415203   -0.196214   -0.018840   -0.796031   -0.194420
    0.889369   -0.845379   -0.507768    0.566668   -0.921537    0.856640
    0.335480   -0.211222   -0.358153   -0.774493    0.177994   -0.204956
   -0.051914    0.227558    0.814376   -0.048847   -0.846855   -0.501456
    0.606300    0.978224   -0.341828    0.703203    0.000619    0.011439
   -0.249176   -0.118730   -0.885287   -0.507651   -0.230286    0.409886
   -0.097378   -0.303067   -0.523154   -0.365894    0.756706    0.780283
    0.345356    0.662805    0.733475    0.336438   -0.733502    0.952666
   -0.534216   -0.990685   -0.643120   -0.083768    0.233492    0.286397
   -0.025678   -0.209229    0.689044   -0.443845    0.398236    0.888417
   -0.361126   -0.299124    0.133844   -0.240718   -0.790377    0.323601
   -0.187871    0.682964    0.076389    0.835851   -0.214677    0.089032
    0.946709    0.012216   -0.091622    0.310320   -0.063475    0.086886
    0.518352    0.774097    0.363247   -0.331489   -0.907330    0.636484
   -0.809439    0.166196    0.955702   -0.217682    0.504955   -0.900273
    0.933056    0.994784   -0.039844    0.225640    0.686279    0.172377
   -0.484453    0.623852    0.902416    0.163723    0.771552   -0.246108
    0.228656   -0.849820   -0.598160   -0.042949    0.708549   -0.076014
   -0.235066   -0.620798    0.157204    0.258221   -0.610852    0.076768
   -0.682985   -0.841217   -0.839165   -0.390261    0.610434   -0.133058
   -0.076470   -0.104274   -0.042184    0.651761    0.053072    0.173453
    0.418986   -0.588672   -0.827078    0.495699   -0.766050    0.599029
    0.676546   -0.693538   -0.234078   -0.640415   -0.195937   -0.926241
    0.391541    0.731070    0.768852   -0.510752   -0.666159    0.548601
   -0.872459    0.686298   -0.492595    0.600437    0.192677   -0.594392
   -0.866398   -0.148573    0.439479   -0.634257   -0.572426    0.593603
    0.347004   -0.228675   -0.566284    0.227430   -0.211999    0.333311
    0.388378   -0.343845   -0.789643   -0.274501   -0.705865   -0.602659
    0.025965   -0.939645    0.255540   -0.363810    0.877454    0.036501
   -0.815881   -0.277146   -0.870833   -0.103639   -0.270127   -0.034864
   -0.255271   -0.763473    0.623090    0.312808   -0.100208   -0.784151
   -0.630206    0.399833   -0.899312    0.494216   -0.214745    0.840118
    0.734602    0.193705    0.868330   -0.223161    0.971912   -0.515551
    0.845254   -0.812706    0.123031    0.452858    0.346708    0.113428
    0.279440    0.412819   -0.908134    0.957253   -0.942983   -0.581216
    0.799283   -0.689173    0.844804    0.469388    0.668916    0.359967
    0.248242    0.680456   -0.003153   -0.242068    0.972389    0.090741
   -0.637405    0.962653   -0.928567    0.581060   -0.716466   -0.914545
   -0.476738   -0.325983    0.656569   -0.594693   -0.897879    0.069721
    0.911067    0.559207    0.546464   -0.015783   -0.645956    0.749121
    0.656330   -0.077900   -0.258780    0.054888    0.519793    0.678482
   -0.806759    0.047116   -0.205500    0.342670   -0.377759    0.103799
   -0.544616   -0.857371    0.801018   -0.164775    0.189967   -0.683937
    0.383415   -0.366032   -0.585605    0.462592    0.737435    0.753191
   -0.867566    0.951556   -0.031391   -0.405132    0.573795    0.936898
    0.670053    0.253946   -0.844425    0.520121   -0.262503   -0.808305
   -0.476489   -0.751040    0.135431    0.573011   -0.422131    0.537654
    0.950531   -0.383363   -0.174022   -0.068572   -0.480027   -0.312262
    0.267760   -0.787426    0.891198    0.587352    0.069385    0.218416
   -0.633970    0.553116    0.475847   -0.172572    0.804800   -0.038941
    0.828722   -0.316920   -0.221340    0.619462    0.095899    0.922858
    0.010644    0.820655   -0.136050   -0.453754    0.158486    0.574106
    0.055191   -0.835423   -0.680242   -0.864300    0.509151   -0.975481
    0.473215    0.714924    0.727284    0.550664   -0.149288    0.193880
   -0.356210   -0.454341    0.649949   -0.587607   -0.675419    0.763510
   -0.060299    0.077565   -0.759344   -0.551969   -0.632832    0.178122
    0.113542   -0.004264   -0.962718   -0.230506   -0.572307    0.061254
   -0.814146   -0.065084    0.779892    0.028068   -0.484270    0.654469
    0.776991   -0.051854   -0.792106   -0.674677    0.057299    0.433380
    0.761214   -0.715253    0.140747    0.269527    0.454091   -0.368001
   -0.630174    0.267177    0.672927    0.067093   -0.752746    0.136382
    0.192566    0.641404    0.773849   -0.507178    0.237109    0.841392
    0.810993    0.540320    0.362204    0.549005    0.568316   -0.274076
   -0.302319    0.784537    0.183950    0.648748   -0.289700   -0.746295
    0.704132   -0.652778    0.191131   -0.341175   -0.522432   -0.254352
   -0.595379   -0.547658    0.812150   -0.167768   -0.602514    0.017735
   -0.830364    0.814834   -0.325985    0.303430    0.121314    0.719861
   -0.510637   -0.720473    0.927396   -0.911630    0.176667   -0.354354
   -0.224485   -0.999755   -0.775920    0.446061    0.923480   -0.541002
    0.109661   -0.230931   -0.472331    0.884382    0.888889   -0.133650
   -0.524815   -0.330120   -0.820666    0.368197    0.336589   -0.018534
    0.710610   -0.927875    0.633601    0.385142   -0.944816   -0.455159
   -0.547330    0.933956    0.208998   -0.147034    0.172008    0.329520
    0.347725   -0.469082    0.935557   -0.922119   -0.264360   -0.125631
    0.918658    0.800321    0.117091   -0.545294   -0.638111    0.369191
   -0.662487   -0.902623    0.432096    0.989901   -0.582832    0.107663
    0.799943    0.028810    0.284498   -0.348772    0.161994   -0.473341
    0.554014   -0.870205   -0.586957   -0.067255   -0.405133   -0.040252
   -0.437876   -0.783052   -0.562319   -0.400225   -0.934263    0.586374
    0.982252    0.038049   -0.734097    0.987025    0.806519   -0.029373
   -0.526248    0.222640   -0.212445    0.727945    0.715839   -0.807018
   -0.735431   -0.604097    0.814333   -0.005750    0.458318   -0.705426
   -0.446689   -0.030460    0.933402    0.203396   -0.603237    0.997708
   -0.914534   -0.740029   -0.144668    0.021488   -0.526910   -0.718356
   -0.497893   -0.874383   -0.511079    0.538097   -0.424639    0.036397
    0.253382    0.472465   -0.692846    0.576707   -0.274084   -0.022106
   -0.387531    0.319562    0.309699   -0.487194   -0.687654   -0.278587
    0.985179   -0.638816    0.725210    0.000013    0.550644    0.500770
    0.368807   -0.314062    0.163077    0.694730   -0.597596   -0.470522
   -0.714654    0.748248    0.177419    0.002444    0.828397   -0.943135
    0.434305    0.673012    0.745621   -0.764107    0.518404   -0.830330
   -0.395784    0.465139    0.399788   -0.314419   -0.518279   -0.741206
    0.661581    0.539306   -0.743035   -0.340414   -0.003880   -0.281538
    0.104343    0.399420   -0.359623    0.865776    0.164278   -0.878534
   -0.248962   -0.167119   -0.777610   -0.112416    0.255797   -0.011155
    0.243089    0.369576   -0.793294    0.044520    0.043881    0.839757
   -0.992718    0.162809    0.594895    0.158748    0.650048   -0.624028
   -0.198262   -0.329888    0.858538    0.454477    0.780971   -0.491556
    0.751196   -0.894695   -0.273158   -0.866348    0.555937   -0.056340
    0.628966    0.864326    0.531163   -0.665065    0.508462    0.237807
    0.007209   -0.197848   -0.512439   -0.605717   -0.221802   -0.564716
    0.007947   -0.749046    0.624235    0.781356    0.600268    0.330266
   -0.209439    0.882499    0.966229    0.501232    0.634965   -0.430083
   -0.311452    0.930980   -0.115390   -0.691640   -0.079659    0.505657
   -0.492335    0.610467    0.586692    0.443520    0.269644    0.153394
    0.748637    0.575085   -0.117599   -0.952457   -0.197485    0.891194
    0.562028   -0.611611   -0.463808   -0.193608    0.837750   -0.674896
    0.128884   -0.062153   -0.831734   -0.248008    0.308958   -0.192967
    0.008948   -0.468785    0.338056   -0.216707   -0.909818    0.687825
   -0.862481    0.175360    0.682396   -0.611888   -0.270812   -0.291906
   -0.425926    0.433899    0.497402   -0.021344   -0.396713    0.886794
    0.482701   -0.767968    0.640526   -0.271536   -0.096489   -0.110182
    0.696775   -0.184376    0.877576    0.636731    0.627238   -0.024201
   -0.777842    0.547885   -0.453660   -0.220909   -0.074045    0.566098
    0.814874    0.106141    0.346279    0.619211    0.577546    0.429460
    0.235365    0.833121    0.026064   -0.552090   -0.911315   -0.261192
   -0.354815   -0.938428    0.623650   -0.292334    0.975635    0.191143
   -0.316320   -0.753771   -0.346336    0.824695    0.629020   -0.272996
   -0.172983   -0.825246   -0.337561   -0.891541    0.403526   -0.360291
    0.451394    0.987596   -0.915645    0.137262   -0.816648    0.880847
   -0.949100    0.153501   -0.556210   -0.555494   -0.157753   -0.018657
   -0.494776   -0.851634    0.434148   -0.371467    0.455463   -0.598112
   -0.080654   -0.984940   -0.966187    0.629354   -0.842606    0.511381
    0.208712    0.324562   -0.506162   -0.706119    0.077855   -0.188270
   -0.808615    0.022235    0.542352   -0.346795    0.588627   -0.797768
   -0.465841    0.325057    0.724615    0.604567    0.132762   -0.728450
    0.699368    0.184870    0.804727    0.809140    0.638976    0.957432
    0.092023   -0.607952    0.516057    0.077909   -0.045253    0.171740
   -0.331737   -0.001960    0.690336   -0.782148    0.660410    0.024686
   -0.001992   -0.505491    0.786658   -0.717480    0.180122    0.315913
    0.922840    0.004554   -0.082961   -0.694243    0.713938   -0.436436
    0.821183   -0.026891   -0.238132   -0.045702    0.536297    0.315975
    0.206643    0.435166   -0.440913    0.988234   -0.702052   -0.423126
    0.640354    0.698933   -0.900807   -0.683571    0.259377   -0.994009
    0.728549    0.525188    0.485141    0.768908    0.667674   -0.393704
   -0.254538   -0.016474   -0.509096   -0.234881    0.728139   -0.686772
   -0.191150    0.972611    0.677123   -0.534174   -0.545004    0.137450
   -0.797728   -0.221122    0.753846    0.810758    0.485056   -0.330408
   -0.932527    0.281190    0.093612    0.977806    0.953007   -0.778902
   -0.534195   -0.485940   -0.375843   -0.512987   -0.420333    0.772078
    0.652167    0.490876   -0.437940    0.464326   -0.915244    0.770792
   -0.626549   -0.392294   -0.352857   -0.673680   -0.979864   -0.643275
   -0.916629   -0.385877    0.975419   -0.204945    0.597460   -0.410033
    0.648649   -0.427348   -0.004188    0.520705   -0.893086    0.030080
    0.253336   -0.893570   -0.653093    0.230164    0.890629   -0.381489
   -0.299370   -0.848920   -0.888210   -0.080920   -0.041281   -0.672688
   -0.721879   -0.770730    0.756422    0.997071    0.032497   -0.541480
   -0.088876    0.178960    0.163629    0.285260   -0.878931    0.829061
    0.685108    0.335680   -0.658932    0.565000   -0.439603   -0.416692
    0.071350    0.354647   -0.238263    0.901615   -0.734242   -0.399053
   -0.826490   -0.635394    0.657493   -0.714408   -0.538961   -0.125271
   -0.691137   -0.167486    0.663191   -0.521783   -0.607118    0.646641
   -0.137739   -0.065817   -0.548503   -0.761572    0.338267    0.958784
   -0.527932    0.392822    0.862607    0.150211   -0.458275   -0.733154

