   -0.696694    0.804270   -0.758797    0.282676   -0.631594    0.073679
    0.243338   -0.588234   -0.108809   -0.595409    0.647949    0.356877
    0.711727    0.789988    0.854809    0.021624    0.491324    0.236576
   -0.443434   -0.272550   -0.899891   -0.276588    0.777719    0.018850
    0.129616    0.798837   -0.767590    0.207415   -0.956787   -0.247637
    0.174390   -0.941678    0.682370    0.470270   -0.220029    0.739012
   -0.622570   -0.517864    0.740872   -0.669217    0.566284    0.483622
    0.211424    0.489758   -0.727531    0.428298   -0.487920    0.813082
    0.837468   -0.640182   -0.525569    0.585804    0.282231    0.168558
   -0.306870    0.204366    0.617478    0.725462   -0.293730    0.031798
    0.375554    0.567245    0.427351    0.320275    0.533000   -0.730013
    0.926859    0.590009   -0.165180   -0.002964   -0.864116    0.478936
   -0.856791    0.586226   -0.479209    0.745142   -0.219818   -0.567495
   -0.597461   -0.652916   -0.152703   -0.441143   -0.986747   -0.761608
    0.962459    0.789293   -0.791106   -0.194315   -0.737006   -0.483734
   -0.292346   -0.691838   -0.535126   -0.470473    0.871709   -0.637757
   -0.724310   -0.822395    0.055397    0.785546   -0.956805   -0.116634
   -0.449789    0.780165    0.722477    0.270742   -0.911668   -0.379148
   -0.380878    0.370221   -0.515395    0.064673   -0.247727   -0.790771
    0.299148   -0.115398   -0.665337   -0.727195    0.791936    0.146999
    0.281423    0.618729   -0.274175    0.134381   -0.260025   -0.770289
    0.112857    0.284709   -0.493287   -0.507672    0.899946    0.563129
   -0.885489   -0.262688    0.681687    0.880149   -0.554645    0.429861
    0.847340   -0.364533   -0.253034    0.908554    0.538556   -0.169081
    0.407705    0.413606    0.916908    0.172676   -0.546586    0.287136
   -0.121223    0.792752   -0.264516    0.354257   -0.346644   -0.701446
    0.152251   -0.465265   -0.533285    0.592359   -0.540267   -0.118470
    0.372882    0.120243   -0.841068    0.052876    0.860859    0.422258
   -0.141368    0.477560   -0.587987    0.448830   -0.726671   -0.389866
   -0.509380   -0.767275    0.448258   -0.253597    0.919694    0.481100
    0.977986   -0.045601    0.415200    0.482878   -0.594611   -0.166333
   -0.920760   -0.507829    0.960120    0.007198   -0.364507   -0.574540
    0.934484   -0.310672    0.011018    0.513550    0.730445    0.982753
    0.711266    0.281677   -0.652416    0.835441   -0.294171    0.944714
    0.361212    0.585848   -0.072997   -0.215915   -0.702091   -0.015466
    0.288688    0.335496    0.614670    0.171939    0.687855   -0.257028
    0.000250   -0.018072   -0.974527    0.506088   -0.294306    0.380306
   -0.156301    0.940658    0.789064   -0.158514   -0.643133    0.990271
   -0.374452    0.114498   -0.620032    0.686337   -0.740273    0.085450
   -0.281821    0.179639    0.995767   -0.122776   -0.641096   -0.949581
    0.279571    0.778496   -0.936659   -0.045461   -0.355103    0.497369
   -0.708306    0.368386    0.228753    0.000550    0.082486    0.198641
   -0.661843    0.223143    0.729886    0.842182    0.310503   -0.048018
   -0.321843   -0.771788   -0.246160    0.557533   -0.926911    0.197843
   -0.637793    0.348387   -0.848684    0.638823   -0.079343    0.539561
   -0.954896    0.847466    0.774233   -0.263593   -0.595946   -0.199145
   -0.497805    0.348991    0.819083    0.289834    0.936339    0.729908
   -0.494089   -0.524919    0.482750   -0.867526    0.904982    0.523998
    0.339845    0.473061    0.845896    0.294646    0.881466   -0.996496
   -0.859780   -0.280375    0.375631    0.205850    0.893545    0.447650
    0.138992    0.200062    0.341068    0.777953   -0.638383   -0.624499
   -0.283058   -0.860402   -0.151034    0.861191    0.723960    0.248092
    0.570457   -0.903376   -0.278468   -0.418691   -0.172605    0.279651
    0.707991    0.986725   -0.391675   -0.464378   -0.962466    0.264463
   -0.973838   -0.220255   -0.990210   -0.319451   -0.143762    0.439049
   -0.905791    0.676895    0.696033    0.401502   -0.451681    0.494914
   -0.669369   -0.271990   -0.696509   -0.766985   -0.158230   -0.717915
    0.381340   -0.954153   -0.089950    0.420598   -0.077442    0.943830
   -0.422220    0.085619   -0.576336    0.681915   -0.648274    0.477279
    0.697770   -0.527850   -0.025585   -0.500248    0.658345    0.994159
   -0.001522    0.723887   -0.585300    0.172561   -0.845366   -0.478379
    0.222363   -0.206020   -0.976678    0.740975   -0.113235    0.830762
    0.781450    0.313928    0.863145    0.551179   -0.297143   -0.085706
    0.426398   -0.215004   -0.378051    0.675671   -0.435706   -0.137263
    0.651341    0.065626    0.911028    0.747270    0.350817   -0.791894
   -0.450996    0.580380   -0.281960   -0.489726    0.984945   -0.103248
    0.612684    0.418953   -0.262903    0.784004    0.601461   -0.355225
   -0.545516   -0.008070   -0.732601    0.481244    0.253572    0.608345
    0.818871    0.948383    0.935882   -0.838344   -0.188623   -0.505018
   -0.282072    0.057958   -0.357937    0.566214    0.302882    0.033935
   -0.468661    0.172935    0.723230    0.230301   -0.850740    0.374031
    0.359726    0.384715   -0.744975   -0.371553   -0.062704    0.828665
    0.779845   -0.538293    0.439548   -0.076098    0.391759    0.909427
   -0.309927    0.286070    0.572987    0.465141    0.632423    0.112190
   -0.523699   -0.656807   -0.185448    0.054970   -0.359698   -0.057899
    0.428350    0.325242   -0.472163   -0.854718    0.719343    0.019378
    0.045130    0.096990   -0.208295    0.876287   -0.755991   -0.812771
    0.267680   -0.655465    0.533718    0.265474    0.517891   -0.994548
   -0.096940   -0.877704   -0.471505   -0.937053    0.857569   -0.172641
    0.701856   -0.869948    0.210597   -0.683751   -0.319887   -0.829245
   -0.942595    0.120207    0.540300    0.772332    0.104141    0.736925
    0.330879   -0.610789   -0.523926   -0.583416    0.325937    0.593824
   -0.360982   -0.310044    0.945537    0.497117   -0.982746   -0.267367
   -0.728222    0.607307   -0.592988   -0.982787    0.437745   -0.606529
   -0.064079    0.633717   -0.631301    0.460202    0.050714   -0.558528
   -0.116319   -0.254978    0.077223    0.964575   -0.485987    0.704116
   -0.962958    0.739031    0.901645   -0.438279    0.273716    0.946117
   -0.060519    0.071512    0.570808   -0.403034   -0.307520   -0.829379
    0.662625   -0.792109    0.723829   -0.014670    0.637025   -0.813829
   -0.192877   -0.442641    0.835765   -0.288627    0.690992   -0.927026
   -0.912410    0.569201   -0.367140   -0.680155    0.448646    0.090489
    0.440493    0.541160   -0.781738   -0.017726   -0.169195   -0.265396
   -0.086342   -0.986714   -0.346755   -0.859565    0.688512    0.990877
    0.401149    0.821444   -0.025747   -0.362015    0.940844   -0.638152
    0.858360    0.527871    0.154116   -0.036595    0.637389   -0.788189
   -0.324856   -0.851478   -0.324280    0.062604    0.439915    0.736779
    0.286067   -0.817092    0.136178    0.478463    0.152268   -0.539002
   -0.726494   -0.492933   -0.897997   -0.637227   -0.540425    0.013878
   -0.352658    0.899927   -0.171164   -0.656934    0.596697   -0.633947
   -0.621745    0.484249    0.447178   -0.170449    0.672505    0.397893
    0.662477    0.559008    0.085212   -0.107408   -0.485945    0.267851
   -0.824342   -0.958038    0.396591   -0.554240    0.947440    0.213172
   -0.613992   -0.994307   -0.357322    0.670360    0.345426   -0.954487
   -0.759241   -0.352490   -0.979811   -0.009379    0.906614   -0.357301
    0.271244   -0.522818   -0.693874    0.118454   -0.763980   -0.343249
    0.476900    0.493895    0.100017   -0.758550   -0.670552    0.807799
    0.024746    0.627761    0.996184    0.174825   -0.924246   -0.041941
    0.472426    0.034405    0.349430    0.291737   -0.737688    0.384013
   -0.359481    0.012158   -0.721610    0.536681   -0.790434    0.119433
    0.513490   -0.069304   -0.294216    0.767979    0.723542   -0.994129
   -0.341857   -0.306204    0.998202    0.706805   -0.447649   -0.912133
    0.509956   -0.081412    0.085894   -0.079112    0.011402    0.110429
    0.021552    0.399454    0.844478   -0.359980   -0.556869    0.099844
    0.965054   -0.130406    0.645105   -0.027525   -0.066646   -0.851848
    0.107853   -0.385100   -0.990472   -0.596208    0.783324    0.633423
   -0.469553    0.407450   -0.353382    0.891640    0.670148    0.850918
    0.004655    0.625070    0.185531   -0.059910   -0.051067   -0.522031
    0.718245   -0.813630    0.507869    0.533382   -0.434090    0.434662
   -0.880020   -0.735186   -0.486128   -0.070755    0.892951   -0.086525
    0.258948    0.007427   -0.082303    0.022967    0.773761    0.777973
   -0.464507    0.156131    0.487248    0.996266   -0.561029    0.854983
   -0.179373   -0.430565    0.163554    0.062837   -0.874119    0.992085
   -0.393043    0.573336   -0.284711    0.197785    0.085282   -0.796938
    0.465893    0.425099    0.810299    0.995266   -0.075488    0.135782
   -0.039496   -0.333861   -0.550851    0.220638   -0.689045   -0.772205
   -0.922077    0.248769   -0.054142   -0.981341   -0.474804    0.222799
    0.849374    0.335070   -0.801410   -0.836001   -0.931714    0.273278
    0.137470    0.033302   -0.673843    0.888921    0.962165   -0.856827
   -0.733696    0.989639    0.271540   -0.709648    0.539599    0.926169
    0.332171    0.244865    0.211071    0.382039   -0.146594   -0.997329
   -0.902233   -0.304145    0.244415    0.321085   -0.115461    0.183767
   -0.170750    0.460595    0.494101    0.989959   -0.323641   -0.705534
   -0.379278    0.596219   -0.233406   -0.018913   -0.101447    0.704422
   -0.927135   -0.111042    0.049484   -0.106296    0.749646   -0.262730
    0.561167    0.251680   -0.409895   -0.974210    0.905645    0.886133
   -0.085232    0.174303    0.359766   -0.860840    0.122265    0.288541
   -0.526937    0.670982    0.035857    0.398181    0.625727    0.145773
    0.055448    0.073726   -0.104062    0.513582   -0.147224    0.896220
   -0.839737    0.167388    0.405881   -0.153201   -0.610511    0.632314
    0.175954   -0.563424   -0.745301    0.994310   -0.887491    0.467355
   -0.653397    0.124749    0.145544   -0.752014   -0.121903   -0.835215
   -0.486684    0.362943   -0.674161   -0.182405    0.936282    0.082234
   -0.554077    0.794455   -0.203504    0.807378   -0.815499    0.151948
   -0.142989   -0.521907    0.752108   -0.702790    0.641013   -0.967910
    0.990067    0.908120   -0.556255   -0.596232   -0.582778   -0.256614
   -0.615704   -0.081815    0.185436    0.329259    0.246821   -0.575861
    0.485238    0.713852   -0.134912   -0.458017   -0.021568   -0.724705
    0.763813   -0.230752   -0.822072   -0.109975    0.917196    0.548052
   -0.077724   -0.034731    0.929991   -0.744914   -0.328020   -0.941974
   -0.860050   -0.646983   -0.849754    0.501411    0.299083   -0.252299
   -0.582411    0.413641    0.203339   -0.139240    0.328599   -0.231646
    0.214735   -0.335684    0.315935   -0.383959    0.527903   -0.440361
   -0.415000    0.716533   -0.111761    0.801677   -0.004643    0.151489
   -0.805884    0.570583    0.260226   -0.674464    0.287226    0.977914
   -0.627095   -0.996856   -0.878576    0.213219   -0.882018    0.569507
   -0.983666   -0.763389    0.308453   -0.655988   -0.259037    0.927748
    0.370013    0.929717    0.545743   -0.907958   -0.894388   -0.330052
   -0.204926    0.966861    0.143082   -0.757833   -0.921094   -0.894039
    0.131116   -0.669259    0.603634    0.772179   -0.004707   -0.075605
    0.904062   -0.956749    0.013138    0.818517   -0.260360   -0.626532
    0.662911   -0.250010    0.555866   -0.596597   -0.192780   -0.325112
   -0.028408   -0.756891    0.009827    0.365001    0.502651   -0.389842
    0.366021   -0.131645   -0.091737    0.664022   -0.471606   -0.279777
   -0.193608    0.941880   -0.197600    0.273944   -0.352121    0.871171
    0.619393   -0.084600   -0.124452   -0.916082    0.021097    0.364603
    0.024016    0.548841    0.000455    0.230958    0.406339   -0.986135
   -0.203617   -0.932286    0.886013   -0.487603    0.288943    0.777506
    0.948442   -0.116418   -0.619674   -0.433751    0.856159   -0.967085
    0.026654   -0.533274    0.686866   -0.430118    0.567038   -0.747107
    0.750989    0.566242    0.133006    0.468299   -0.369088   -0.838408
   -0.604550    0.367339    0.057304    0.548861    0.234477    0.425772
    0.180513    0.855140   -0.837100   -0.862493    0.082571   -0.644943
   -0.207687    0.678219   -0.366163    0.267514   -0.152045    0.701324
   -0.362169    0.361735    0.767058    0.258267   -0.898797   -0.269426
    0.603122    0.385692    0.285117   -0.264219    0.653311   -0.686686
    0.989162   -0.659685    0.695586    0.808599   -0.734892   -0.202558
   -0.669501   -0.351179    0.400455   -0.058759    0.955509   -0.792456
   -0.198377    0.504654   -0.322806    0.670428    0.227243   -0.929292
    0.969931   -0.270429   -0.758850   -0.329819   -0.014127    0.126036
   -0.147318   -0.139930   -0.523932    0.054294    0.627785    0.792975
   -0.962293    0.140947    0.781416    0.045879    0.548824   -0.503720
   -0.874509    0.965635    0.557285    0.098493    0.502770   -0.730706
    0.112581   -0.705355   -0.573087   -0.378574   -0.155527   -0.982702
    0.414072   -0.255681    0.185715   -0.220281    0.655345    0.079967
    0.748585    0.374944   -0.293103   -0.824863   -0.160813    0.438543
    0.117682    0.430206    0.010439   -0.764401    0.592309    0.237894
   -0.918565    0.351994    0.286039   -0.455593   -0.959493   -0.160698
   -0.578524    0.756122    0.851173   -0.545647   -0.738582   -0.290236
    0.004876   -0.531401   -0.655392    0.293701    0.627299    0.738675
    0.623642   -0.357110   -0.548366   -0.698490    0.887036   -0.633373
    0.371839    0.753318   -0.080499    0.477063   -0.130851   -0.107561
    0.443522   -0.830622    0.468194    0.614235    0.804542    0.451082
    0.364911    0.564528    0.642716   -0.003156   -0.931224    0.951023
   -0.457073    0.065360    0.356740   -0.360154   -0.236915   -0.637932
    0.240159   -0.063510   -0.089562    0.966563   -0.156662   -0.802361
    0.854658    0.469768   -0.291647   -0.213089    0.931660    0.208994
    0.310969    0.147158   -0.983490    0.283713    0.146850    0.974264
    0.481641    0.825495   -0.765141    0.857141    0.922134   -0.370778
   -0.551774    0.378038    0.717274    0.804257   -0.481138   -0.808767
   -0.761089    0.876204    0.994851    0.190133    0.490959    0.589924
   -0.269153   -0.708736   -0.343580   -0.147771    0.168765    0.851322
   -0.798705    0.720204   -0.315972   -0.977822    0.768094    0.453280
    0.265322   -0.429086    0.411050   -0.099768   -0.222502   -0.335589
   -0.442688   -0.206320    0.776357   -0.193886   -0.154950    0.773880
   -0.929582    0.212623    0.950869    0.301411   -0.196419   -0.845786
   -0.412854    0.758506   -0.735636    0.033785    0.242568   -0.282204
    0.167403    0.423993    0.157670   -0.100887    0.898268   -0.525541
   -0.318053   -0.699841    0.678401   -0.325436    0.102388   -0.167249
   -0.376135    0.132888    0.571052    0.766217   -0.799771   -0.936775
    0.900110    0.480729   -0.307483    0.602781    0.081476    0.553765
   -0.507866   -0.284875   -0.416507    0.381835    0.889804    0.877642
    0.259462    0.844977   -0.751679    0.291635    0.102314    0.362858
    0.071686    0.106984   -0.545756    0.706183    0.639907   -0.810877
   -0.140079    0.580373   -0.579306   -0.053716   -0.555303   -0.653083
   -0.357068    0.437540    0.815059    0.128677    0.076140   -0.250495
   -0.974449   -0.145829    0.465781   -0.110997    0.807144   -0.118246
    0.900693    0.649378    0.638932    0.323427   -0.912517   -0.566970
   -0.838221    0.915674   -0.366107    0.164239    0.834709    0.874030
   -0.755030    0.490912   -0.644041    0.717505   -0.807264   -0.205171
    0.880711    0.843760    0.161658    0.054378   -0.283263   -0.187567
    0.759723    0.929097   -0.920232   -0.835110   -0.813374    0.971452
   -0.703486    0.250343   -0.011873    0.021751   -0.842209   -0.248588
    0.698490    0.421992   -0.078315   -0.049860   -0.249803   -0.596928
    0.453292   -0.577877   -0.069713   -0.624297    0.021444   -0.878878
    0.746236    0.598325    0.259313   -0.063621    0.291480   -0.409211
   -0.757135   -0.824087    0.683208   -0.553525    0.382447   -0.237571
    0.836453   -0.278352    0.387671    0.247610   -0.313761    0.440683
    0.762364    0.254180   -0.369023    0.804372   -0.245380   -0.331301
    0.070820    0.874655    0.724308   -0.139088   -0.147165    0.213320
    0.692382   -0.521782   -0.831798   -0.076334    0.624014    0.872259
   -0.149689   -0.354272    0.310877   -0.380856   -0.023111   -0.912849
    0.549262   -0.345475   -0.493267    0.117293    0.231962   -0.132554
   -0.645580    0.512549    0.818650    0.996891    0.277775   -0.305728
   -0.263647    0.944587   -0.082677   -0.017188    0.276275    0.856213
   -0.665754   -0.032809    0.317008    0.422832    0.461870    0.287578
   -0.789075   -0.245730    0.524151   -0.556941    0.830267    0.929738
   -0.904539    0.144739    0.763165   -0.891384   -0.582615   -0.189127
   -0.304212   -0.618730   -0.063635    0.086789    0.336198    0.258524
   -0.944375    0.692927   -0.933607    0.865923   -0.405084   -0.651380
   -0.759707    0.430563   -0.983771   -0.788717    0.643055   -0.315219
    0.523895    0.469848    0.670260   -0.126300    0.456863   -0.938643
   -0.084092    0.396850    0.075846    0.002078    0.257387   -0.334156
   -0.824907    0.908904   -0.873751    0.898540    0.426370   -0.289730
    0.576984    0.948896   -0.806029    0.090228    0.557926   -0.391386
    0.982264    0.325852   -0.366321   -0.548856    0.657418    0.559050
   -0.341981    0.038226   -0.582752   -0.151353    0.662517   -0.440462
   -0.966874   -0.582460   -0.246977   -0.067529    0.289544    0.780691
   -0.570947    0.491029   -0.078820    0.911763    0.372984   -0.691855
   -0.178057   -0.909413   -0.364253   -0.749390   -0.089190    0.526555
   -0.296989   -0.050485    0.480099    0.872732    0.078514    0.266742
    0.543125   -0.453928    0.734668    0.437847   -0.710167    0.767501
    0.725216    0.612577    0.828367   -0.310587    0.294564   -0.816870
    0.932960   -0.285902   -0.165497    0.186859    0.550674   -0.685863
    0.344999    0.805084   -0.007155    0.432959    0.945415    0.972802
    0.664172   -0.811832   -0.637835   -0.028160    0.360737    0.469775
   -0.334978   -0.415608   -0.750466    0.038094    0.559430    0.905505
   -0.346579    0.553348    0.132603    0.896899   -0.759580    0.070407
    0.380744   -0.861264    0.340342   -0.007563    0.918142    0.694840
   -0.126378   -0.676088    0.559382   -0.969466   -0.381897    0.533709
    0.572074   -0.235558   -0.249261    0.431541    0.062574    0.324899
   -0.934326    0.220729   -0.156451   -0.779325   -0.419436   -0.725261
    0.773340   -0.745183    0.525206    0.547478   -0.097818    0.836172
   -0.726786   -0.685182    0.016694    0.631632    0.353886   -0.105530
    0.291443   -0.631774   -0.242726   -0.235356   -0.236024   -0.274557
    0.072256   -0.704456    0.300745   -0.543980   -0.099721   -0.155609
    0.404423   -0.761754    0.546911    0.960441    0.143459    0.371402
   -0.193655    0.149930   -0.805675   -0.505702   -0.638598    0.498338
    0.825396    0.117519   -0.377110    0.847446   -0.703661    0.866191
    0.181570   -0.268278    0.986606   -0.495142    0.504148   -0.132120
    0.857097   -0.663891   -0.423682   -0.434350    0.687778   -0.269272
   -0.927334    0.703070    0.016818    0.829343   -0.286775    0.245784
   -0.515126   -0.144184   -0.146243   -0.863124   -0.392734   -0.010381
    0.224308   -0.538314   -0.406133   -0.021566    0.730484   -0.498205
   -0.093694   -0.423353    0.312548    0.284722   -0.882268    0.200245
    0.846122   -0.147668   -0.271141    0.896628   -0.998472    0.170760
    0.514269    0.389306   -0.331711    0.805381    0.932029   -0.527371
   -0.955793    0.160242   -0.079109    0.808751    0.339679    0.874460
   -0.983306    0.412400   -0.251391   -0.573080   -0.509921    0.705001
    0.635871    0.755384    0.462471    0.774857    0.414475    0.111892
   -0.848767    0.274779   -0.201549   -0.699886   -0.615766    0.551459
    0.323365   -0.267367   -0.488339   -0.081599    0.440910    0.153211
    0.337423   -0.533414    0.368427   -0.628937    0.659707   -0.614301
    0.076161    0.432261    0.722204    0.937357   -0.479408    0.222387
   -0.972052    0.582182    0.546753    0.953813    0.846377   -0.848920
    0.973769    0.441556   -0.671487    0.117171    0.196523    0.638024
   -0.257711   -0.919008   -0.099095    0.204814   -0.398701    0.779373
    0.186517    0.455439   -0.294457   -0.063376    0.848353   -0.806196
    0.389570    0.349332    0.616297   -0.374035   -0.432665    0.332839
    0.224895    0.936376   -0.942673    0.936988    0.255354    0.775505
   -0.241823   -0.107772    0.603335    0.741301   -0.290936    0.543355
    0.534468   -0.197738    0.801145    0.042921    0.305178   -0.191186
   -0.196679   -0.217132    0.739599    0.098339    0.971960    0.127257
   -0.792642    0.186374   -0.217510   -0.388234   -0.322338    0.656004
    0.694454    0.891213    0.537712    0.952657    0.484557   -0.979895
    0.528370    0.877364   -0.019435    0.862135    0.505923   -0.625410
   -0.009960   -0.548368    0.031053    0.669440    0.150935    0.909858
   -0.307657    0.009536    0.616519    0.806924    0.132264   -0.045093
    0.559555    0.244888   -0.611639   -0.383945   -0.429436    0.156146
    0.586904   -0.745441    0.071592   -0.208815    0.568211   -0.328662
   -0.928769   -0.788846   -0.354486   -0.556784    0.408070    0.485136
    0.529056    0.631985    0.045187   -0.124062   -0.186986   -0.578567
    0.582711    0.794979   -0.410462    0.093090    0.892761   -0.819409
    0.731443    0.104629    0.455448    0.281921   -0.457893   -0.242923
    0.121433   -0.584014   -0.290693    0.680003    0.613324    0.586096
   -0.787138    0.193096   -0.985161   -0.676461    0.120845    0.785007
   -0.306578   -0.254133   -0.770634    0.848706   -0.910655   -0.969320
    0.864597    0.957949    0.773795   -0.902878    0.161457    0.526588
    0.485859   -0.732257    0.531659   -0.241745   -0.692123   -0.532999
    0.599165   -0.739503   -0.189334    0.890073    0.284363   -0.456760
    0.185028    0.440390   -0.337634    0.292268    0.276001    0.066267
    0.189779   -0.110834   -0.416937   -0.856023    0.203711    0.240858
   -0.716502   -0.562681   -0.911997    0.470426    0.061609   -0.758736
    0.465432    0.522311    0.617210   -0.411091   -0.442422    0.044317
   -0.280632   -0.026558    0.338327    0.087887   -0.656260   -0.016468
   -0.913234   -0.654285   -0.099702   -0.751541    0.072853    0.304440
    0.142549    0.768713   -0.838047   -0.842320   -0.063583   -0.652800
    0.287606   -0.402311    0.786365   -0.262111   -0.213774   -0.377131
    0.310932    0.911448    0.216171    0.792954    0.365940    0.034827
   -0.956736    0.164331   -0.930803   -0.986575   -0.654069    0.846318
   -0.135359   -0.391649   -0.642094    0.547059   -0.892048   -0.069580
   -0.609449   -0.392838    0.757904    0.485144   -0.695421    0.399123
   -0.987812    0.104608   -0.692001    0.438588   -0.806867   -0.482754
    0.132248   -0.182933    0.540311    0.770105    0.048506    0.173117
    0.902172    0.899320   -0.918999   -0.941047   -0.628591    0.785611
   -0.921134   -0.925528    0.796293   -0.423074   -0.116748   -0.731148
   -0.195472   -0.484343    0.234661   -0.421259   -0.389241    0.270174
    0.832635    0.495955   -0.151159   -0.095709    0.008779    0.769235
    0.778503   -0.906180   -0.662330   -0.326204    0.316974    0.009767
   -0.451488   -0.237454    0.959775   -0.107113   -0.047103    0.004511
   -0.470831   -0.510345   -0.462108    0.865857   -0.234785   -0.794075
    0.400023    0.087342   -0.886256    0.862489   -0.682767   -0.657559
   -0.248672   -0.147182   -0.630840    0.680883    0.481812   -0.183830
   -0.610758   -0.415613   -0.719901   -0.393384    0.228270    0.118677
   -0.610058    0.285084    0.188403   -0.795728   -0.371604    0.580411
   -0.600813   -0.993132   -0.039116   -0.557501    0.904660    0.676651
   -0.182844    0.293887    0.959772    0.198560   -0.461480    0.344781
   -0.428401   -0.992891   -0.172576    0.120530   -0.366986   -0.594524
    0.511907   -0.777275    0.727571   -0.961870   -0.318569   -0.079045
    0.732604   -0.650089    0.357270   -0.378795    0.381916    0.997846
    0.313612    0.040523    0.784264    0.511319    0.986926    0.141607
   -0.535057    0.969378    0.135451   -0.203388   -0.480818    0.553483
    0.381065    0.399660    0.508162    0.793230   -0.989002   -0.729206
    0.004212    0.917031    0.136856    0.309016   -0.775494   -0.861436
   -0.028255    0.096286    0.486641   -0.682232   -0.392946   -0.656218
    0.123357   -0.199208   -0.210766   -0.113580   -0.986178   -0.497502
   -0.862753   -0.106086    0.152661   -0.992547    0.727770   -0.477231
   -0.220251   -0.815971   -0.112410   -0.177646    0.526796   -0.475144
    0.152030    0.786149    0.709867   -0.351068   -0.954060   -0.490135
    0.274831    0.631498   -0.897970   -0.127257    0.778751    0.576827
    0.954310   -0.111206    0.196394   -0.579706    0.556310   -0.366047
    0.612892    0.336567   -0.844419   -0.362182   -0.755372    0.410086
   -0.184557   -0.099581    0.088988    0.606633    0.149480   -0.382663
   -0.636360   -0.488328   -0.128373    0.896171   -0.669700    0.706301
    0.557290   -0.013681    0.943841    0.226929   -0.976906    0.849068
   -0.924379   -0.604041   -0.615693   -0.054526   -0.473047   -0.165350
    0.119811    0.706544   -0.601927    0.910798    0.617190    0.516474
    0.961561   -0.840963   -0.281890    0.271226    0.195703    0.067375
   -0.891150   -0.677956   -0.512629   -0.727553    0.517669   -0.407968
    0.577118   -0.117312   -0.410726    0.379384    0.806078   -0.033298
   -0.334145   -0.529346   -0.859854   -0.020750   -0.161309    0.406387
    0.254885    0.128326    0.634198    0.532994   -0.173972   -0.438122
    0.724675    0.007795   -0.181433    0.658471    0.292091    0.224010
   -0.528590    0.418245    0.214751   -0.297930   -0.418964    0.167926
   -0.403279   -0.128146   -0.867573   -0.750876    0.398791    0.874009
   -0.202998    0.390837   -0.587018   -0.676301   -0.022709    0.631563
    0.787538   -0.402536   -0.863425   -0.353697    0.446738   -0.163504
   -0.235100   -0.521642    0.801057    0.224006   -0.364049   -0.039102
    0.491057   -0.148842    0.843873   -0.289461   -0.873733    0.426301
   -0.817233    0.822783    0.525404    0.192611   -0.677412   -0.894196
   -0.483594   -0.549563    0.256677    0.483708   -0.276286    0.521912
   -0.700216   -0.307581    0.452680    0.761563   -0.121228   -0.295451
   -0.991532    0.434714   -0.167404    0.162772   -0.718665   -0.707338
   -0.162466    0.844743    0.866437    0.178941    0.693965    0.290573
    0.570160   -0.262893    0.532141   -0.635742   -0.690603   -0.361445
    0.089440   -0.636464    0.492011    0.615053   -0.353230   -0.659009
   -0.016860    0.830731   -0.657616    0.191781   -0.795581   -0.990387
   -0.088759    0.477253    0.679727   -0.009239    0.390712   -0.720659
   -0.384786    0.312340   -0.747765   -0.524458    0.868775    0.307714
    0.498238   -0.473951   -0.106031   -0.464132    0.807573   -0.354220
   -0.977919   -0.172993   -0.647222   -0.694584   -0.095934   -0.831580
    0.814445    0.627618   -0.027231    0.480930    0.690089    0.089197
    0.464879   -0.539863    0.629239    0.621228    0.017262   -0.748266
    0.985588   -0.689865   -0.571281   -0.018224    0.266449    0.907169
    0.257647    0.253711   -0.612155    0.569242   -0.452695    0.761639
   -0.991090    0.479529    0.227534    0.363591   -0.720249   -0.509233
   -0.816582    0.804339    0.777402    0.782241    0.722929   -0.454065
   -0.697760   -0.642158   -0.454192    0.752171    0.507954   -0.227713
    0.746838   -0.887321   -0.439757    0.353085    0.721547   -0.759322
    0.849674    0.046641   -0.907491   -0.036749   -0.902316    0.245225
   -0.255322   -0.709750   -0.899947   -0.176267   -0.255920    0.526220
   -0.089377    0.776582    0.778334    0.491825    0.360516   -0.672122
   -0.615722    0.516553   -0.169468    0.259395   -0.309032    0.153277
    0.054336    0.066545    0.591772   -0.501369    0.251596   -0.227932
   -0.906935   -0.565581   -0.904982   -0.944617   -0.055471   -0.744008
    0.794320    0.007907   -0.225070   -0.587665    0.138345    0.553854
    0.689714    0.704112   -0.334396    0.937057   -0.159697   -0.228214
   -0.655993    0.360978   -0.155487   -0.661237   -0.831045    0.970846
   -0.111461    0.210115   -0.977687    0.434239    0.242801   -0.078887
   -0.289793    0.636319    0.078908   -0.306104   -0.941794   -0.807621
   -0.705938    0.001810   -0.896785    0.319066   -0.837671   -0.173095
   -0.404504    0.347220    0.835214   -0.308757    0.522556   -0.323508
    0.973412    0.031335   -0.028080    0.860070   -0.716635    0.954947
    0.110793   -0.781755    0.865126   -0.436630    0.687297    0.366883
   -0.082735    0.156127    0.104477    0.035410   -0.824501   -0.686831
    0.335620   -0.665337   -0.109185   -0.541727    0.138547   -0.133285
   -0.776901   -0.273380    0.566072   -0.095757   -0.125890    0.736174
   -0.167068    0.486472    0.801150   -0.604578    0.884903   -0.298345
   -0.711757   -0.470037    0.625622    0.160027   -0.735870   -0.095100
    0.644320    0.450147    0.465747   -0.473054    0.786242    0.023433
    0.998645    0.741748   -0.783691    0.523753   -0.087031   -0.936493
    0.981950    0.144937    0.679808   -0.360877    0.977934    0.813814
    0.187522   -0.858436    0.842947    0.025517   -0.056099   -0.861160
   -0.775676   -0.637644   -0.828498   -0.530814    0.284921   -0.768952
    0.489282    0.236224   -0.674999   -0.903460    0.507477    0.190235
   -0.708038    0.171293   -0.533363   -0.724328   -0.600136    0.913911
    0.797955    0.289237    0.854822    0.543433   -0.637948    0.814083
    0.662770   -0.321810    0.658903   -0.349914    0.536220    0.944350
   -0.423366   -0.822934    0.247290    0.979483    0.707191    0.769828
    0.268823    0.961462   -0.659035   -0.045122    0.300804   -0.972023
   -0.665115    0.365822    0.884386   -0.106440   -0.372923   -0.554960
   -0.070441    0.003442   -0.052298   -0.044431    0.618173    0.256901
   -0.028483   -0.380946    0.441538   -0.041594    0.918684   -0.648808
    0.671625   -0.160533   -0.718882    0.016525    0.046807   -0.696843
    0.117518   -0.929461   -0.598297   -0.050740   -0.018203   -0.025094
    0.606864    0.737106    0.114630   -0.059208   -0.220266    0.996694
   -0.724671   -0.581867   -0.750810   -0.832650   -0.586186    0.392252
    0.485144    0.365831   -0.005151    0.410654    0.962170   -0.748512
    0.512625    0.685209    0.217532   -0.690765    0.126018   -0.791051
    0.898821    0.116367   -0.855285   -0.056004   -0.685280   -0.389972
    0.040914   -0.276143    0.971710   -0.410312   -0.835483   -0.020884
    0.199832    0.741243   -0.619222   -0.166760    0.537485    0.868066
    0.682286   -0.778690    0.476822   -0.337694   -0.049954   -0.254104
    0.007737    0.365888    0.071742    0.843617    0.120669   -0.912016
   -0.481035   -0.705338   -0.855986    0.028633    0.544928   -0.934666
    0.323076    0.774793    0.855506   -0.200376   -0.172026   -0.661262
    0.765925    0.150646   -0.781918    0.429376   -0.095168    0.427020
    0.779189   -0.130492   -0.606037   -0.439837   -0.516890    0.405854
    0.739082   -0.317922   -0.282618    0.058909   -0.821253   -0.648968
   -0.213589   -0.663461    0.737326    0.705527   -0.340031    0.375609
   -0.592143    0.564315    0.446178    0.762999   -0.945537   -0.801533
    0.594060    0.541508    0.176792   -0.544621    0.562435    0.163363
   -0.064823   -0.994046   -0.509142   -0.538936   -0.094871    0.338437
   -0.862376    0.023143    0.742391   -0.320902    0.143385    0.496612
    0.487589   -0.585180    0.096083    0.824885   -0.815078   -0.654128
   -0.887178   -0.411533    0.091341    0.020881    0.314853   -0.551665
   -0.816320    0.552283    0.200064   -0.490221   -0.872610    0.804513
    0.534985    0.249866   -0.938344   -0.751976   -0.857438   -0.041596
    0.079811   -0.632483    0.737470    0.604977    0.948224    0.260964
    0.867402   -0.095902    0.751868    0.951593   -0.560475   -0.351780
   -0.956681    0.063514   -0.316245   -0.450158    0.729075   -0.044858
   -0.348903   -0.975472    0.909534    0.992234    0.890825   -0.067618
   -0.121199   -0.514915   -0.554887    0.667608   -0.472254   -0.149660
   -0.159297   -0.355439   -0.733661   -0.777888    0.533028   -0.750878
    0.719941   -0.012353   -0.790655    0.118692   -0.961739   -0.655814
   -0.189519    0.791722   -0.237546    0.371747    0.751443    0.081827
   -0.623287    0.016580   -0.169157    0.729512   -0.940341    0.313580
    0.385838   -0.410339    0.263493   -0.872306   -0.554305    0.582921
   -0.397358   -0.079024    0.264665   -0.925968   -0.415854    0.239389
   -0.177192    0.755326    0.996549   -0.147288    0.678371   -0.142743
    0.278748    0.142688   -0.576794   -0.524215    0.751328    0.353409
   -0.907520    0.865594    0.512023   -0.915792    0.247751   -0.444557
    0.944950    0.604810   -0.947894    0.142343   -0.295445   -0.041566
   -0.838197    0.224736   -0.363237    0.855799    0.121401    0.516571
   -0.863627    0.690752    0.332100   -0.563331   -0.728028   -0.172444
    0.616879   -0.502215   -0.183320    0.690236    0.992242   -0.904126
   -0.089025   -0.416951    0.048532   -0.173733    0.498748    0.286042
    0.847576   -0.976327   -0.558951    0.810233    0.765968   -0.104538
   -0.983020    0.926379    0.526506   -0.624328    0.155180    0.937447
   -0.623686    0.486154    0.301804   -0.685093    0.475434   -0.122785
   -0.676826   -0.822289    0.398913   -0.960200    0.494512   -0.237003
    0.985454   -0.531405   -0.710806    0.864875    0.251968    0.477576
   -0.297010    0.747105    0.170112    0.390850   -0.934529    0.488029
    0.902138   -0.138189    0.822394   -0.291619    0.399641    0.474181
    0.078477    0.638682   -0.604366   -0.646244   -0.620112    0.866981
   -0.200416    0.700344   -0.695211    0.512294    0.671576   -0.269024
   -0.154199    0.170584    0.294982   -0.372414    0.133087    0.674796
    0.239448    0.688003    0.478609   -0.186388    0.891095    0.866424
    0.195995    0.514718   -0.820690    0.473529   -0.892334    0.726916
    0.234893   -0.788684    0.685193   -0.788634    0.932181   -0.081941
    0.691434   -0.674326    0.845064   -0.155837   -0.032635    0.942190
    0.636863    0.828442    0.295785   -0.713557   -0.535926    0.502680
    0.793230   -0.262794   -0.426449    0.662726    0.318946    0.683457
   -0.606001    0.704137   -0.006027    0.504293    0.056435    0.951136
   -0.144636    0.176728    0.138388   -0.716124   -0.843826    0.021503
   -0.568290    0.764504    0.859418    0.154279    0.678570    0.993532
   -0.276521   -0.554246   -0.850044   -0.242718   -0.188773    0.157384
   -0.078123   -0.018912   -0.422185    0.737153   -0.183698    0.606657
    0.597382    0.678682    0.688084    0.921055    0.298239    0.830281
   -0.608440    0.822949   -0.813205    0.795661    0.139950    0.143201
    0.460961    0.458244   -0.326055    0.742758   -0.269952    0.022001
   -0.330320    0.750574    0.074945    0.268552   -0.935741   -0.812298
   -0.332363    0.506360    0.843886   -0.547277   -0.994541   -0.910503
    0.110489    0.424613    0.978913   -0.971669   -0.485295    0.042799
   -0.047184   -0.143808    0.735885   -0.140735   -0.742315    0.470922
    0.835277    0.734136    0.704847    0.845320   -0.460979   -0.348320
    0.381873   -0.071386   -0.539786   -0.674638    0.677563   -0.161359
   -0.913336   -0.802723    0.873903   -0.201885   -0.798751   -0.249884
   -0.951258    0.393755   -0.307580   -0.883660   -0.159776   -0.350847
    0.298395    0.314615    0.533407   -0.652360   -0.117565    0.096340
   -0.366699    0.995686   -0.353364   -0.692068   -0.400839   -0.908571
    0.353168   -0.400064   -0.573066    0.135615    0.772851   -0.649456
   -0.069475    0.755771    0.482739    0.627983   -0.282551   -0.505027
   -0.471516    0.932484   -0.896724   -0.705133   -0.452364    0.777521
   -0.658919   -0.890511    0.038341    0.609876    0.466677   -0.224247
    0.491257    0.078176    0.502763    0.952834    0.845182    0.655240
   -0.560279   -0.824332    0.645525    0.641912    0.203673    0.369984
   -0.629128   -0.160007    0.264613    0.886895    0.666647   -0.344797
    0.666814    0.184755    0.809441    0.843867    0.845146   -0.622830
   -0.058472   -0.597921   -0.381724    0.553174   -0.518733   -0.710885
   -0.069604    0.085478   -0.000643   -0.316216   -0.543132    0.048901
    0.318215    0.804038   -0.970697   -0.536891    0.392755    0.296931
    0.751335    0.568269    0.420545    0.852567    0.788813   -0.145329
    0.799227    0.943439    0.065770    0.927094    0.574862    0.212607
   -0.415615    0.064451    0.902000   -0.875864   -0.527281    0.370059
    0.821883    0.071302   -0.317426   -0.605782    0.428962   -0.919071
   -0.488218    0.623676    0.394984   -0.186746   -0.684511   -0.868754
    0.902496   -0.983723   -0.197048    0.182927    0.925122    0.504923
    0.174397    0.189411    0.064774   -0.175906    0.822075    0.706168
   -0.099833    0.017585   -0.138406   -0.194252   -0.143558    0.175715
    0.934472   -0.213451   -0.052434   -0.983850    0.442166    0.241892
    0.620560    0.122867    0.903640    0.572586    0.413933   -0.310940
   -0.670763   -0.443504   -0.792094   -0.342863    0.367620    0.342052
    0.355332   -0.389726   -0.213635   -0.860881    0.807341    0.066589
   -0.215374   -0.573893   -0.766123    0.838058    0.773138   -0.960320
    0.267899   -0.184515   -0.725770    0.249549    0.613998   -0.391470
   -0.038041    0.979656    0.053315   -0.082434   -0.880161    0.957519
   -0.231613    0.039038   -0.596710    0.841671    0.953760    0.835098
   -0.011418   -0.564917   -0.011642   -0.174574    0.757973   -0.911827
    0.648125    0.428742   -0.044330    0.736583   -0.671157   -0.153401
   -0.698165   -0.119168    0.409183   -0.421307    0.036720   -0.184714
    0.644814    0.079034   -0.452560    0.881774    0.526835    0.164216
    0.074797    0.093612    0.387627    0.173391    0.658763    0.784614
    0.959700   -0.667447    0.813485    0.512138   -0.768849   -0.556888
    0.374188    0.862874    0.640173   -0.271463    0.728778    0.369123
   -0.730702    0.735504    0.980705   -0.891578    0.909693    0.508714
   -0.466603   -0.755089    0.232723   -0.475345   -0.527122    0.146191
    0.704081    0.927830   -0.150183   -0.837023    0.783594    0.263340
    0.227599    0.795139    0.881117   -0.568905   -0.611839   -0.900939
   -0.198845   -0.825406    0.761895   -0.124079   -0.058574    0.434585
   -0.959169    0.225593    0.838370   -0.102924    0.902316    0.993474
    0.361930   -0.905177   -0.974014    0.967552    0.564897    0.073668
   -0.709230    0.950808    0.254223    0.618927   -0.949697   -0.545384
    0.420176    0.583327   -0.798257    0.725662    0.264756   -0.234277
   -0.128738    0.717950    0.388552    0.477310    0.090589   -0.625483
   -0.958134   -0.777093   -0.488599    0.606486   -0.858758    0.840518
   -0.650462   -0.604372    0.006930    0.539427   -0.161699    0.167496
    0.882369   -0.322705    0.632823   -0.920984    0.256400   -0.190247
    0.459186   -0.973749   -0.069471    0.348584    0.399052   -0.820015
   -0.640109   -0.216783   -0.993592    0.340960   -0.129443    0.876108
   -0.753067    0.955416    0.967199    0.366405    0.911619    0.696162
    0.219970    0.801475    0.694147   -0.175241    0.195765    0.803437
    0.173382    0.866401   -0.313766   -0.374798   -0.869202    0.256523
    0.820846    0.227148   -0.870925   -0.058150    0.042040   -0.045401
    0.902669    0.826996    0.491146   -0.238671    0.475800    0.929870
   -0.377486    0.720843   -0.522111    0.343752   -0.037660   -0.079865
   -0.353757   -0.124981   -0.681941   -0.322261   -0.710460    0.160182
   -0.610848   -0.342729    0.893876   -0.838640    0.065861   -0.072473
    0.228992   -0.207515   -0.865380    0.817223    0.801577    0.016798
   -0.505738    0.436428   -0.181762    0.281681   -0.604101   -0.194031
   -0.101051   -0.880792    0.785746   -0.970058   -0.960549    0.082437
   -0.765967    0.002844   -0.139665   -0.890068    0.970212    0.333817
    0.558493    0.815071   -0.520471   -0.908895   -0.049539   -0.784886
   -0.109079   -0.563346    0.531841    0.882158    0.723520   -0.254144
   -0.536868    0.859159   -0.666214   -0.656967   -0.028491   -0.256457
   -0.328645    0.485365    0.972353    0.119738    0.476879    0.751233
    0.559142    0.962402    0.448324    0.465430    0.393882   -0.055395
   -0.570092    0.047244    0.176078    0.959691   -0.163363    0.171160
    0.517159   -0.640239    0.411767   -0.935970    0.065802    0.807889
    0.485727    0.434763    0.047540    0.243620   -0.200109    0.282970
    0.122784   -0.559519   -0.337590   -0.311879   -0.623526   -0.605793
    0.314035   -0.327036    0.639628    0.912777    0.415998    0.242422
   -0.964189   -0.986628   -0.773889    0.654256   -0.578390   -0.357144
   -0.528741    0.645539   -0.389950    0.979121   -0.021643    0.518067
    0.322112   -0.552083    0.722376    0.950962    0.694268   -0.760660
    0.248494   -0.628949   -0.176966   -0.051467   -0.478382   -0.083385
    0.392992    0.664383    0.938741    0.105139    0.719577   -0.233668
   -0.486291    0.287689   -0.848092    0.942110    0.709436   -0.965834
    0.505744   -0.984306    0.842382   -0.081049    0.383055    0.911723
   -0.081480    0.188339   -0.345287   -0.653880    0.999080   -0.851351
   -0.483139    0.755703   -0.249565    0.828434    0.659366   -0.096443
   -0.286117   -0.678241   -0.586504   -0.828555    0.368466    0.217094
    0.388622   -0.155194    0.242232   -0.186651   -0.037419    0.659721
    0.943743    0.045532   -0.368294    0.922187    0.643263    0.872617
    0.643507    0.449680    0.972720   -0.803931   -0.824174    0.760578
    0.669058   -0.889527    0.745165    0.943185   -0.728039    0.401800
   -0.226895   -0.527249   -0.575047    0.679935    0.993157   -0.285705
   -0.198221    0.504943    0.785834   -0.877907    0.437429   -0.144102
    0.236742   -0.201180   -0.357340   -0.924022   -0.015037   -0.351204
    0.303745   -0.845721   -0.724490    0.916736   -0.214463   -0.089925
    0.705724   -0.225091    0.533168    0.685688   -0.094840    0.341031
   -0.025051    0.372856   -0.527196   -0.007613    0.182879   -0.515822
   -0.468409   -0.245060   -0.752014   -0.746075    0.843858   -0.792017
   -0.765955   -0.334457    0.145989   -0.860839    0.317155   -0.649707
    0.245486   -0.717590   -0.763786    0.878404   -0.417211   -0.186020
    0.784674    0.945242   -0.532903    0.897084   -0.035856    0.654170
   -0.321620   -0.667100    0.184559   -0.220932   -0.969477   -0.048768
   -0.569896    0.336239   -0.072893   -0.212822   -0.211734    0.364136
    0.472241    0.285685    0.613054    0.545767    0.749704   -0.931548
   -0.303464    0.293971   -0.798447   -0.714250    0.329897    0.097334
   -0.159678    0.452683   -0.084936    0.446411   -0.012093    0.471603
   -0.361271    0.647790   -0.258422   -0.261151   -0.303403   -0.247407
    0.184556   -0.870105    0.225738    0.440529    0.105736   -0.903220
   -0.453046   -0.522804   -0.852541   -0.270649   -0.929125    0.926321
    0.275690    0.600061   -0.366513   -0.337882    0.212101   -0.107588
    0.559928   -0.558185    0.397746   -0.796819   -0.898932    0.679819
    0.947976    0.722168    0.647618    0.733670    0.599875   -0.835976
   -0.248295   -0.551654   -0.020550   -0.791118    0.127234   -0.600602
   -0.645048    0.709721   -0.432945    0.078078    0.264833    0.136638
    0.162152   -0.145451   -0.359221    0.917329   -0.021065   -0.734304
   -0.063480    0.071949    0.668774    0.205341   -0.454340   -0.524327
    0.527961   -0.820782    0.167518   -0.074213    0.696363   -0.349461
   -0.765999   -0.248282   -0.824227    0.580128    0.083605   -0.342371
    0.250600   -0.701116   -0.268341    0.106535    0.616903   -0.386255
   -0.344653   -0.322931    0.414068   -0.712349   -0.628619    0.252542
    0.158644    0.072475   -0.488289   -0.378348    0.916071    0.999636
   -0.192907   -0.294891    0.607472    0.069788    0.030348   -0.690289
   -0.876821    0.133799    0.295924   -0.008478    0.735295    0.822891
   -0.124335   -0.772027    0.994434    0.872392   -0.569817   -0.079817
    0.113572    0.739812    0.295079    0.375463   -0.259652   -0.275203
    0.504740    0.511767   -0.144174    0.617226   -0.680300    0.526845
    0.213032   -0.315066   -0.281546    0.804183    0.103428   -0.067758
   -0.004546   -0.612610    0.392178   -0.033727    0.787938   -0.399226
    0.162050    0.786474    0.418698   -0.885439   -0.864129   -0.828096
   -0.013896   -0.840073    0.545069    0.557327    0.163807   -0.766029
   -0.771596    0.735112   -0.501482   -0.236003    0.099104    0.183793
   -0.287935    0.241171   -0.233185   -0.134435    0.289863    0.552287
   -0.564591   -0.906746   -0.792814   -0.830403   -0.643421   -0.705491
    0.746023    0.460296    0.361802   -0.195189   -0.725842    0.623018
   -0.894444    0.093468   -0.110807    0.552126   -0.753187    0.979975
   -0.462367    0.702892    0.668656    0.514372   -0.643149    0.260668
    0.738667    0.924757    0.597561    0.017133   -0.965210    0.688293
    0.213288    0.461078   -0.988415   -0.951385   -0.417054    0.571665
   -0.098691   -0.133122    0.361363   -0.858927   -0.174303    0.343335
    0.541527   -0.555006   -0.934396   -0.529399    0.249550    0.840442
    0.081270    0.923095    0.021117   -0.037411    0.238078    0.748933
   -0.223675   -0.928512   -0.578479    0.202976   -0.189193    0.312994
   -0.719157   -0.898622   -0.027297   -0.134951    0.592065    0.120760
   -0.518402    0.295240    0.202444   -0.489006   -0.441429    0.595089
   -0.784274    0.029458    0.109920   -0.907563    0.834301   -0.871309
    0.072161   -0.776087   -0.457161    0.794190   -0.350661   -0.089375
    0.282949    0.168950   -0.351386   -0.798476   -0.768697    0.246868
    0.407428    0.274647    0.477635    0.948077   -0.225799   -0.644072
    0.480616   -0.244275   -0.011129   -0.916309   -0.770997   -0.050925
    0.395961    0.073298   -0.454040   -0.328101   -0.548915   -0.130228
   -0.942528   -0.801190   -0.748204    0.834484    0.381445   -0.043247
   -0.016478    0.811102   -0.668453    0.798839    0.100325    0.953184
    0.891302   -0.456835   -0.889898   -0.435925   -0.539685    0.408491
    0.406510   -0.627241    0.129032    0.228999   -0.674810   -0.317384
   -0.557218    0.290546   -0.030528    0.467953   -0.044487   -0.075221
    0.534595    0.744500   -0.753460    0.823571    0.283227    0.722341
    0.209475   -0.259412   -0.811383    0.206239   -0.280578   -0.105657
    0.964565   -0.191524   -0.866881    0.166270    0.035742   -0.927485
    0.462451   -0.421872    0.760691    0.105723    0.276859    0.724165
    0.068076    0.070126    0.137772    0.142235   -0.733109   -0.138399
   -0.497130   -0.151730    0.009833   -0.780275    0.874120   -0.428610
    0.994654   -0.245162    0.688582   -0.133748    0.791515   -0.342562
    0.248939   -0.124002    0.634545   -0.930495    0.499962    0.792243
    0.707177   -0.372000    0.446214   -0.709879   -0.435120   -0.887247
    0.346656   -0.743383   -0.688702    0.690453    0.136825   -0.477543
   -0.797079    0.870944   -0.420484    0.393718    0.902967    0.005058
    0.234061   -0.322022   -0.387658    0.926081    0.323427    0.006103
    0.475169    0.543184    0.558853   -0.177830   -0.330627   -0.550348
   -0.600854   -0.349176   -0.274058    0.598482   -0.589004   -0.141913
    0.978169   -0.472911    0.181502    0.334221   -0.618441   -0.258322
    0.670614   -0.668105   -0.023061   -0.406408   -0.326790   -0.767075
   -0.355010   -0.299044    0.147795    0.883189   -0.488891    0.621088
   -0.698283    0.411931   -0.770225   -0.216465    0.651933    0.647826
    0.763313   -0.387918    0.492792    0.802808    0.860683   -0.530985
   -0.191404   -0.526171   -0.056466    0.488848   -0.332243    0.296436
    0.554778    0.800030   -0.491142    0.564504    0.203955    0.367842
    0.000480    0.861758    0.945690    0.579145   -0.275460    0.029176
    0.446344    0.662367    0.045388   -0.721367    0.773314    0.026599
   -0.693381    0.811478   -0.078818    0.565602    0.694558    0.953334
    0.655617   -0.976781    0.922943    0.519330    0.938809   -0.858295
    0.952148    0.394530   -0.609458    0.373827    0.609922    0.581226
   -0.050801    0.634473    0.694827    0.293225    0.198583   -0.699694
    0.538568    0.566393   -0.796829    0.436547   -0.715287   -0.548772
    0.217425    0.751719   -0.430506    0.155254   -0.084633   -0.602945
   -0.056626   -0.340934    0.344576   -0.960540   -0.364711    0.480558
   -0.481115   -0.616130   -0.249825    0.037015   -0.572087   -0.706226
    0.140746   -0.606171   -0.298425    0.089942   -0.850282   -0.715447
    0.837306    0.952514    0.653029   -0.087997   -0.454231    0.332596
   -0.395548    0.007805   -0.333336   -0.888131    0.357007   -0.547745
   -0.546160    0.929550   -0.046799    0.255064   -0.513071    0.040026
   -0.880639    0.587097    0.376062   -0.470406   -0.961657    0.651299
   -0.698543    0.332999    0.760953   -0.744228    0.162895    0.162576
    0.720150   -0.305912   -0.634076    0.455535   -0.738166   -0.832575
   -0.630219    0.228471    0.474959   -0.144036   -0.486444   -0.109212
    0.823319    0.277217   -0.479038    0.037705    0.476400   -0.158159
   -0.381893    0.110733    0.921197   -0.689180    0.488503    0.774986
   -0.199680    0.424869   -0.680273   -0.775542   -0.793507   -0.164545
   -0.036776   -0.039219    0.918690    0.721894    0.625706    0.723440
    0.213569    0.135547    0.805463   -0.533485   -0.825819   -0.331911
    0.708930    0.075556   -0.426660   -0.816034    0.406850   -0.526320
   -0.848815   -0.429692   -0.730983    0.882948    0.679299    0.906990
   -0.589091   -0.706625    0.117628    0.987152   -0.194534   -0.037519
   -0.399936   -0.405893    0.838350   -0.818581    0.089468   -0.388754
    0.517451    0.818565   -0.705105    0.971811   -0.182380   -0.297475
    0.756515   -0.137053   -0.438550    0.060009   -0.696193    0.767985
   -0.174647   -0.322799    0.842892    0.394971   -0.904386   -0.878028
   -0.793823    0.345218    0.227611   -0.195087    0.860403    0.143120
   -0.082796   -0.751568    0.038915    0.801736   -0.020199   -0.922744
    0.982875    0.733581   -0.819746   -0.515242    0.420322   -0.530986
    0.881400    0.695435    0.655915   -0.031893   -0.758555   -0.781807
   -0.053401   -0.919705    0.848156    0.313495   -0.313859   -0.633380
    0.114907   -0.670194    0.916815   -0.695404   -0.602589   -0.110225
   -0.683987    0.597808    0.765635    0.330151   -0.409630    0.772111
   -0.637036   -0.376243   -0.510297   -0.313244   -0.696437   -0.765116
   -0.823017   -0.362079   -0.444430   -0.733983    0.675324    0.407625
   -0.951683   -0.654512    0.820175    0.300607   -0.676892    0.821237
    0.986215    0.525073    0.848696   -0.449435   -0.173167   -0.284739
    0.380858   -0.608081    0.711066    0.054985    0.150500    0.198881
   -0.913170   -0.749335    0.954400   -0.852867   -0.180785   -0.498325
   -0.477878    0.558787    0.429970    0.496381   -0.808828   -0.127113
    0.455862    0.939656    0.544696   -0.846794    0.991539   -0.383054
   -0.510829    0.038840    0.080321   -0.314284    0.422527   -0.862051
   -0.480006   -0.646897   -0.025567    0.576576   -0.840100   -0.333805
   -0.774768   -0.515259    0.825959   -0.949590   -0.666252    0.887798
   -0.075179   -0.492460    0.824681   -0.698696    0.626810    0.070913
    0.382582   -0.077540   -0.632333    0.669519    0.331357    0.170945
   -0.355561   -0.466706   -0.571588   -0.597204    0.038346   -0.724119
    0.559355    0.801823   -0.953477   -0.267541   -0.845581   -0.775952
   -0.986447    0.014217   -0.179325   -0.761802    0.337060    0.150233
   -0.796189   -0.305422   -0.073275    0.297312   -0.141980    0.609531
    0.036371   -0.987212   -0.483243   -0.096595    0.537765    0.340982
   -0.069486    0.594516   -0.670631   -0.041187   -0.309821    0.462280
   -0.310609    0.143529    0.481863    0.560942    0.654797   -0.962095
   -0.863361   -0.739768    0.009776    0.182469    0.741563   -0.409831
    0.938324    0.295285   -0.376496    0.903084    0.686918    0.812072
   -0.454975    0.110239    0.098394   -0.110885   -0.245657    0.357626
   -0.243384   -0.029243    0.449896   -0.397102   -0.451471   -0.934032
   -0.570265    0.846577    0.119418   -0.059831    0.253722   -0.845985
    0.993106   -0.087106    0.739829   -0.714117   -0.753361    0.761257
    0.607023   -0.550753   -0.055139    0.301126    0.098735    0.487418
    0.995699   -0.834075   -0.373142   -0.294177    0.861895    0.449535
   -0.435746   -0.447605    0.724817    0.195728   -0.941746   -0.880261
   -0.559085    0.542319    0.568236    0.618197   -0.948296    0.887251
    0.876924   -0.544524    0.518176   -0.496635    0.659129   -0.740486
    0.805571   -0.848030    0.600824   -0.397298    0.993521   -0.668790
   -0.369337   -0.255172    0.962390   -0.707589   -0.964467    0.998815
   -0.101946   -0.560856   -0.118814    0.529660    0.286999   -0.400656
   -0.659203    0.108663    0.732623    0.371250    0.937685   -0.966153
    0.305273    0.231328    0.071761   -0.302897   -0.974906    0.175863
    0.959518   -0.946595    0.370115   -0.556408   -0.005527    0.030122
   -0.168723    0.414314   -0.001521   -0.358981    0.519411   -0.557252
    0.681496    0.999556    0.747118    0.235916   -0.925462   -0.875554
    0.209434    0.758007   -0.041028    0.158934    0.331408    0.007325
   -0.442916   -0.709707   -0.203232    0.666014   -0.333250    0.952983
   -0.727942   -0.961844    0.628154    0.929377   -0.336776   -0.686782
    0.991570   -0.366955   -0.501769   -0.378946   -0.073601   -0.225626
   -0.537849    0.326382   -0.182546   -0.915666    0.130242    0.990211
   -0.442558   -0.047321    0.058223    0.810540   -0.728200   -0.990292
   -0.080837   -0.172324   -0.444082    0.518748    0.155270    0.193234
   -0.041932    0.593155   -0.233690    0.027349    0.773494    0.418297
    0.595328    0.759093    0.972784   -0.977629    0.229952   -0.867652
    0.917435   -0.635147   -0.859723    0.009134    0.296997   -0.030231
    0.124432    0.482040    0.987426   -0.651384   -0.720433    0.615258
    0.090824    0.465279    0.643164    0.589751    0.447575    0.757800
   -0.539911    0.971109    0.375979   -0.818826   -0.599867    0.154526
    0.962984   -0.906855   -0.277649   -0.834248    0.645235    0.810225
   -0.108352    0.878829    0.526536    0.172101   -0.535617   -0.032461
   -0.837938   -0.665359   -0.940535    0.186030   -0.495199   -0.441599
   -0.575198    0.781113   -0.310555    0.748173   -0.440893    0.647985
   -0.916711   -0.151011   -0.078417   -0.285725    0.062947   -0.181731
   -0.943636   -0.402312    0.634754    0.166435   -0.936280   -0.997605
    0.425803    0.987166   -0.446178   -0.437151   -0.873612   -0.896065
    0.512930   -0.632450   -0.623235   -0.982768   -0.453075    0.150952
   -0.872853   -0.815930    0.696671   -0.349720   -0.208129    0.170555
    0.072861    0.012272    0.675599    0.740265   -0.541095    0.740072
   -0.040438    0.418683    0.854884   -0.468002    0.262687    0.176544
   -0.455995    0.416258    0.541141    0.713784   -0.951614   -0.388342
   -0.479888    0.692425   -0.960392   -0.625472    0.181979    0.989412
   -0.399627   -0.189236    0.433204   -0.162563    0.157231   -0.542295
    0.806733   -0.276951   -0.069615   -0.972907   -0.798629   -0.518433
   -0.861678   -0.950512    0.617357    0.642379    0.023023    0.918103
    0.152944   -0.913799    0.632720   -0.981009    0.878617   -0.585745
   -0.595591    0.965427   -0.869235   -0.645447    0.788372    0.647285
   -0.152477   -0.140910   -0.556955   -0.065578   -0.780415    0.038335
    0.439846   -0.965060   -0.597048   -0.365568   -0.882816   -0.044513
    0.952535    0.496235    0.568897    0.492600    0.135762    0.859597
   -0.114015   -0.262299   -0.246495    0.371635   -0.224641    0.637018
   -0.380031    0.722648    0.074467    0.929716    0.324171   -0.121976
   -0.426048    0.577838   -0.971363    0.113574   -0.021826    0.379631
   -0.088267   -0.153579    0.088803    0.127980    0.642760    0.598841
   -0.291966    0.490981    0.524289    0.676749    0.842645   -0.997402
    0.725734   -0.221777   -0.226440    0.562739   -0.647079   -0.312456
   -0.915248    0.465608    0.650961   -0.272077   -0.952536    0.444245
   -0.447455   -0.009978   -0.973852    0.657613   -0.166541    0.067784
   -0.862573    0.784419    0.235607   -0.785410    0.406512   -0.829948
   -0.372427   -0.079017    0.297921   -0.741130    0.838994   -0.526595
    0.427034   -0.508494   -0.376501   -0.434854    0.468512   -0.046073
    0.987775   -0.114937    0.572438    0.032480    0.384660   -0.883554
   -0.058475    0.587153    0.769525   -0.390800   -0.657467    0.481136
   -0.194930   -0.695986   -0.202537   -0.665960   -0.885815   -0.573200
    0.497161   -0.013142    0.341571   -0.875150    0.328859    0.567926
   -0.543001   -0.441010   -0.787236    0.408872    0.562200    0.014254
   -0.314634   -0.112330    0.862975   -0.919581    0.163176   -0.984439
    0.671630   -0.556123    0.698651    0.569334    0.334506    0.102248
    0.104770    0.908816   -0.511328   -0.776668   -0.492207    0.814267
    0.665633    0.568387   -0.063763    0.791136    0.309050    0.696662
    0.896359    0.707223    0.266406   -0.681321   -0.488723   -0.681198
    0.843267   -0.353283    0.207863   -0.524667    0.117857   -0.320839
   -0.637077    0.063710   -0.538330   -0.529511    0.436244   -0.328534
   -0.921365    0.152035   -0.117991   -0.524599   -0.262518   -0.364842
   -0.338737   -0.461418   -0.102213   -0.708221    0.240717   -0.542918
   -0.239114    0.645165    0.355311    0.859113    0.252899    0.267171
   -0.213283   -0.992254   -0.434024   -0.885539   -0.121477    0.783781
    0.417904    0.316623    0.880023   -0.512407   -0.365619    0.941849
    0.100508   -0.653918    0.942648   -0.338247    0.233304   -0.634283
    0.026466    0.971255    0.495312   -0.857529    0.252274    0.273124
    0.423129    0.136108    0.896439   -0.251356    0.092906   -0.373129
    0.348947    0.600108    0.455141    0.614758   -0.827365   -0.219038
    0.131613    0.115340    0.725502   -0.324378    0.347035    0.576344
   -0.904386    0.544387   -0.315482    0.484876    0.460354   -0.436503
   -0.577078   -0.000385    0.957391   -0.569349   -0.793933    0.752842
    0.966089   -0.692361   -0.912048   -0.837427   -0.194253    0.152280
   -0.516106    0.328780    0.314764   -0.280220    0.282857    0.500842
    0.619472   -0.781810   -0.540432    0.603407   -0.988118    0.711080
    0.740164   -0.595978   -0.452834    0.557638    0.267879   -0.702212
    0.644939   -0.190722   -0.032564   -0.070769   -0.568145   -0.001021
   -0.026897    0.798616    0.786102   -0.258198   -0.866257    0.980638
    0.205531   -0.934491    0.886859    0.744407    0.606120    0.860224
   -0.579893   -0.338806   -0.890858    0.660530   -0.143158   -0.252307
   -0.940153   -0.357710    0.777244   -0.078615   -0.048575    0.787542
   -0.884877   -0.558095    0.660340    0.029061    0.640230   -0.171520
    0.655270    0.094939   -0.918219    0.253707    0.201356    0.538080
    0.223243   -0.984910    0.638927    0.720799    0.712618    0.020460
   -0.517984    0.986576    0.840829   -0.173867   -0.828808    0.246063
   -0.192707   -0.502836   -0.833030   -0.550930   -0.969068    0.389922
   -0.112200    0.693859    0.884653   -0.170646   -0.835575    0.949604
   -0.803439    0.611188   -0.199015   -0.684980    0.031563    0.688331
    0.226776   -0.646377   -0.834243    0.419022    0.326848    0.290471
   -0.105574   -0.368970   -0.917821   -0.658241   -0.658741    0.154453
   -0.956590    0.925956   -0.965541   -0.491995    0.450034    0.521738
    0.391767    0.010612    0.658005   -0.431923    0.299574   -0.259066
    0.920858    0.001799   -0.099111   -0.599104   -0.467616   -0.100162
    0.537506    0.993454    0.051466   -0.549578    0.447297   -0.919533
    0.920069    0.908394   -0.953199    0.609878   -0.094277   -0.587858
   -0.353603   -0.114684    0.268305   -0.786584    0.731329    0.110289
   -0.346205   -0.326816    0.750198    0.628130   -0.006904    0.449398
   -0.984592   -0.459755    0.330615    0.770503    0.128386   -0.995331
   -0.583869    0.406547   -0.029626   -0.617376    0.534684   -0.730645
    0.758500    0.504226    0.567497   -0.330761    0.532273   -0.317112
   -0.424598    0.327267    0.331126    0.234740    0.930889    0.681009
    0.025707    0.805381   -0.052540    0.903559   -0.886603   -0.065977
    0.480910    0.499905   -0.677757   -0.672931   -0.657953    0.902990
    0.654848   -0.978965    0.044726   -0.588553    0.152336   -0.386481
   -0.315037    0.154709   -0.906370   -0.452430    0.804496   -0.373193
   -0.437848   -0.444978    0.874653    0.556186   -0.181742    0.810288
    0.679567   -0.616417    0.636116    0.419533    0.529003   -0.447281
   -0.769856    0.429434    0.027848   -0.925929    0.185310   -0.367936
   -0.291950    0.515789   -0.603366   -0.661687   -0.464618   -0.129474
    0.947055   -0.560221    0.748834   -0.751638   -0.571022   -0.853134
   -0.898757   -0.358189    0.192998    0.782800   -0.104081    0.926433
    0.711276    0.349188   -0.826205    0.795688   -0.218567   -0.803592
   -0.264833    0.280707   -0.135384   -0.771192   -0.448254    0.422500
    0.890869    0.296881   -0.397687    0.404632    0.259619   -0.841818
    0.141332   -0.425533   -0.870551    0.471743    0.588936    0.864570
   -0.480168   -0.775484   -0.522828    0.740672   -0.192837    0.413267
    0.123548   -0.970535   -0.438598    0.295615    0.442676    0.972396
    0.794517    0.389514    0.492480    0.876154    0.081862   -0.560554
    0.199185   -0.793539   -0.260914   -0.161413   -0.223901    0.390553
   -0.097937   -0.297647    0.928426   -0.142835   -0.578245    0.808042
   -0.333099    0.089647    0.799437    0.147004    0.424968    0.000926
    0.244303    0.690358    0.710319   -0.562317   -0.130988   -0.525715
    0.405313    0.449269   -0.316017   -0.094495    0.627994    0.025442
   -0.369629   -0.048511   -0.546927    0.589138    0.395758    0.403505
    0.223829   -0.224444    0.545605    0.924084   -0.141835    0.901364
    0.461876    0.021742    0.456692   -0.586690   -0.181135    0.494735
   -0.871830   -0.493244    0.835574   -0.278708   -0.506265   -0.046634
    0.751741    0.331995    0.563257   -0.717205   -0.225411    0.665073
   -0.821940   -0.024556   -0.418204   -0.428471   -0.680860    0.174966
    0.090240    0.842160   -0.729106    0.288350    0.178921   -0.632234
    0.402380    0.646944   -0.676737    0.792752    0.163337    0.894959
   -0.987156   -0.940525   -0.601601    0.990341    0.128805   -0.907320
    0.273823   -0.832253   -0.981767    0.629129   -0.434301   -0.972880
   -0.673293    0.018022    0.201541    0.983176    0.602797   -0.665814
    0.204869    0.509341   -0.955711   -0.814113    0.347293    0.708372
   -0.073157    0.272612   -0.812237   -0.495648   -0.851268    0.212634
    0.945887    0.998718    0.231695    0.916212    0.795075    0.793438
    0.694617   -0.162630   -0.245579   -0.228814    0.640134    0.613801
   -0.200044    0.855252   -0.168174    0.616078   -0.357087   -0.488705
   -0.233842   -0.581879    0.816964    0.345972    0.827321   -0.772752
   -0.610651   -0.535397    0.316617    0.098990    0.167105    0.223418
   -0.158197   -0.714497   -0.209079    0.464508   -0.789712   -0.749862
    0.192137   -0.534460    0.771625    0.826744   -0.556728   -0.687520
    0.116056    0.955035   -0.529926   -0.417801   -0.547171    0.866180
   -0.840769   -0.041456    0.494459   -0.298634   -0.636519   -0.931004
   -0.944020    0.534027    0.660345   -0.277508   -0.698100    0.289714
    0.380484    0.342148   -0.219866   -0.956382   -0.437419    0.566097
    0.843285    0.791030    0.894420   -0.128336   -0.904789   -0.700898
   -0.597150   -0.904778   -0.458372    0.209272   -0.619502   -0.821474
    0.644204    0.324298   -0.330342    0.034742    0.464960    0.587527
   -0.192630   -0.956018   -0.538257   -0.664389   -0.500122   -0.922535
   -0.017305   -0.136849    0.949099    0.241201   -0.516095    0.695806
    0.008237    0.755700    0.306499   -0.522848   -0.502869   -0.746118
   -0.656659   -0.327468    0.404055   -0.110258    0.646118   -0.404009
    0.376827   -0.258221    0.226326   -0.310139   -0.307477   -0.324173
   -0.484356    0.497841    0.325168    0.433446   -0.359369   -0.878878
    0.306530    0.326022   -0.897426   -0.025277    0.377766   -0.821568
    0.666101    0.751427    0.177143   -0.564752   -0.071178   -0.353936
   -0.075513    0.845837   -0.547460    0.619548   -0.647431   -0.411121
    0.174436    0.157601    0.008346   -0.353437    0.135337   -0.718315
   -0.048442   -0.607668   -0.901292    0.692427   -0.760159   -0.118536
    0.075297   -0.740473   -0.507295   -0.005221    0.980720   -0.434071
    0.511044   -0.056509   -0.647332   -0.578804    0.100742    0.977697
   -0.417139    0.812623   -0.456119   -0.773217    0.802178    0.116188
    0.208470   -0.958052   -0.655192    0.805157    0.529250   -0.022393
   -0.125393    0.077368    0.355379   -0.768681    0.116424   -0.854835
    0.645556   -0.828150    0.593365    0.612537    0.478764    0.265057
   -0.094844    0.014738    0.887102   -0.899976    0.958237   -0.497425
   -0.897097   -0.238035   -0.574063    0.308659    0.876806    0.660512
    0.580802   -0.406553    0.894101    0.611499    0.226699    0.846257
    0.502984    0.410433    0.799981    0.567879    0.218703   -0.564641
   -0.140669    0.895629    0.962626    0.465902    0.765157    0.682540
    0.429477    0.469748    0.255067    0.831853   -0.455584    0.157701
    0.232335   -0.525262   -0.135232    0.798415    0.596648    0.637169
   -0.247596   -0.482580    0.115470    0.450385    0.575976   -0.734924
    0.740207   -0.056848   -0.399801    0.570234    0.560535    0.815473
    0.903171   -0.064170   -0.698904   -0.623472   -0.423394    0.561870
   -0.288040    0.508561    0.425343    0.650814    0.941167   -0.287748
    0.351549   -0.895657    0.573667    0.381231   -0.203632   -0.565658
   -0.575679   -0.181579   -0.737269   -0.862866   -0.901932    0.162420
   -0.463369   -0.922491    0.953282    0.657154    0.332864   -0.766209
   -0.630381    0.204940    0.759373    0.949079   -0.073685   -0.596283
   -0.606264    0.386087   -0.854662   -0.474943   -0.059277    0.883427
    0.669774   -0.495925    0.246597   -0.407764   -0.098702   -0.693424
   -0.157970    0.485930    0.453929   -0.019702   -0.252687   -0.916217
    0.079481    0.847962    0.076022    0.934118   -0.482885   -0.198457
   -0.968574   -0.050569   -0.100187   -0.300341    0.820594   -0.717027
    0.445529   -0.391410   -0.613507   -0.514611    0.010920    0.359062
   -0.158083   -0.352784   -0.959293    0.000465    0.652945    0.095462
   -0.859737   -0.396770   -0.820395   -0.378930   -0.601656    0.904195
   -0.848055   -0.463756   -0.863423    0.357710    0.345397    0.076075
    0.885558   -0.835708    0.984592   -0.185326    0.718958    0.917727
    0.464999   -0.673901   -0.370867   -0.122051   -0.969195   -0.846832
    0.768876   -0.115193    0.629939    0.898179    0.859567    0.097934
    0.913847    0.847720   -0.423518    0.803917    0.165586   -0.879563
    0.771751   -0.774565    0.164634   -0.013301    0.663671   -0.241059
    0.704239   -0.877965   -0.498686    0.882610    0.467673   -0.247522
   -0.962101    0.436401    0.811391    0.061811   -0.576055   -0.313094
    0.887849   -0.139319    0.335364   -0.227801   -0.487019    0.647272
   -0.441042   -0.076499   -0.260142    0.588955   -0.613107    0.540058
   -0.401245    0.202105    0.472228    0.614866    0.396953    0.791152
    0.736479    0.568350   -0.275708   -0.075827    0.630331    0.691362
   -0.109295   -0.402451   -0.236712   -0.612544    0.629076   -0.997389
   -0.723701    0.794226   -0.376338    0.687158    0.167702    0.877226
   -0.931089    0.314613    0.062110   -0.065221    0.182805    0.851618
    0.383729   -0.042743   -0.635766    0.534991    0.432101   -0.458511
    0.792610    0.990371    0.876816   -0.038520    0.087348    0.147856
   -0.168248   -0.481509   -0.513064   -0.213343    0.210856   -0.516745
    0.900845    0.577988    0.541241    0.280266    0.728682   -0.561877
    0.689012   -0.610577   -0.571554    0.282543   -0.237148    0.050593
    0.701131   -0.298892   -0.383667   -0.685753   -0.945941    0.726363
    0.272925   -0.501241   -0.619499   -0.502943   -0.492137    0.924031
   -0.214286    0.257868   -0.240955   -0.025421   -0.379859   -0.905993
   -0.503691   -0.130990    0.413100   -0.036217    0.434396    0.954107
    0.269550   -0.500990   -0.484156   -0.305019   -0.478602   -0.662682
   -0.387001    0.714121   -0.022949   -0.166611   -0.625773    0.115912
   -0.029278   -0.067355    0.018784   -0.005093    0.498932    0.111939
   -0.414098   -0.384132   -0.714851   -0.626238    0.440205   -0.038940
    0.052734    0.304598   -0.029536    0.337627   -0.172235    0.730588
   -0.179857   -0.382221    0.486943   -0.159601   -0.568689   -0.941972
   -0.128034    0.466944   -0.357066    0.986300   -0.308967    0.725573
   -0.623238    0.433569    0.838545   -0.064691   -0.859317    0.757660
   -0.712788   -0.679703   -0.239515   -0.750324    0.930488    0.341533
    0.011318    0.663763   -0.173973    0.601438    0.799010    0.509052
    0.582478   -0.174424   -0.254794   -0.893676   -0.484696   -0.531236
    0.311061    0.108798   -0.875476   -0.803299   -0.707066   -0.893609
    0.868972    0.032996    0.706195   -0.918539   -0.766690   -0.237462
    0.081538   -0.773923    0.384878    0.529742    0.968411    0.514207
   -0.629748    0.365356   -0.494636    0.684536   -0.431294   -0.939251
    0.324073    0.159224    0.147813    0.390784    0.377375    0.645179
   -0.386868    0.651217   -0.742721   -0.939223   -0.549952    0.135516
   -0.597810    0.288243    0.876021   -0.828750    0.551584    0.423455
    0.326678    0.133347    0.351333   -0.751980   -0.869616   -0.845581
   -0.311130    0.905388    0.902672   -0.704370   -0.100074    0.077670
    0.467329    0.294771   -0.911420    0.332958   -0.115044    0.846743
   -0.187899   -0.395906    0.791541   -0.684755    0.708878   -0.711056
   -0.997079   -0.811378   -0.162065   -0.141984   -0.485504   -0.458282
    0.979556   -0.458835   -0.613245   -0.747003    0.299504    0.808525
   -0.815286    0.766945    0.282522    0.768375   -0.147606   -0.708575
   -0.046586    0.369700   -0.843651   -0.875146    0.854284   -0.683263
    0.293555   -0.581537   -0.290039   -0.103767    0.017072    0.660710
   -0.047463    0.048628    0.369912   -0.579541   -0.789144    0.083469
   -0.608341    0.743155   -0.482173   -0.410303    0.309419   -0.129891
    0.934959   -0.448512    0.764785   -0.208419   -0.444246    0.020815
   -0.643620    0.029687   -0.565173   -0.888476    0.911341    0.823621
   -0.763011   -0.019515   -0.342696   -0.009192    0.166759    0.613269
    0.449331    0.974076   -0.537147    0.824851    0.512216   -0.643658
   -0.907396    0.725255    0.410269    0.825213   -0.798932   -0.581615
    0.776876   -0.665150    0.133219    0.757368   -0.127062    0.376280
   -0.615784    0.917539    0.736825    0.777158    0.979842   -0.053081
   -0.830384   -0.540942   -0.240886   -0.068727    0.403319    0.160624
    0.390545   -0.712254   -0.671864   -0.773404    0.158456    0.822722
   -0.698845    0.462833   -0.234112   -0.551151   -0.645309   -0.760143
    0.904670   -0.796647    0.019352   -0.450849    0.606414   -0.196796
    0.821909    0.765588    0.529083   -0.133691   -0.879077    0.875818
   -0.302730   -0.797970   -0.313040   -0.416804   -0.981587    0.402894
   -0.959607    0.794620   -0.557430   -0.057499    0.943036   -0.271103

