   -0.529665    0.631217   -0.086696   -0.648416    0.876361    0.573814
    0.827768    0.359286    0.114273   -0.215716    0.591984   -0.690903
    0.030368   -0.061920    0.249739   -0.493613    0.368159   -0.224226
    0.134370    0.600923    0.262583   -0.551013    0.954190   -0.829901
   -0.490771    0.414783   -0.865916    0.066993   -0.384019    0.716644
    0.794629   -0.622327    0.984906    0.949104   -0.202795    0.532296
    0.486552   -0.127728   -0.374983   -0.182929    0.927339    0.979949
   -0.452782    0.070452    0.075319   -0.620282    0.177510   -0.957289
   -0.883961   -0.999293   -0.893138   -0.402537    0.395411    0.291943
   -0.594982   -0.253103   -0.074119   -0.647034   -0.225791   -0.463606
    0.763217   -0.534879   -0.383920    0.420120    0.255550   -0.636962
   -0.034459   -0.258428    0.931561    0.670115    0.422822   -0.693199
    0.107286    0.109962   -0.406993    0.630045    0.081960   -0.915667
   -0.494591    0.207416    0.137540    0.044063    0.933765   -0.465408
    0.864087   -0.279243   -0.836228   -0.561462   -0.717098    0.271245
    0.488534    0.969704   -0.265342    0.009590   -0.627291    0.622136
    0.207356   -0.164909   -0.146517    0.557241   -0.189360   -0.133949
    0.930876    0.703266   -0.493172    0.588877   -0.742072    0.747109
   -0.248952    0.940690   -0.205771    0.967995   -0.990826    0.540136
   -0.685634   -0.306727    0.305603   -0.196468    0.519932   -0.041302
    0.516612    0.954250    0.439152   -0.189239   -0.691165    0.426577
   -0.552193    0.420317   -0.882054   -0.554011    0.420415   -0.033339
   -0.842244   -0.051264   -0.120567    0.896144    0.727949   -0.639679
    0.247068    0.881317   -0.452840    0.424362   -0.711924    0.741900
   -0.737062   -0.590687    0.327566   -0.417156   -0.805340    0.162129
    0.596143   -0.801080    0.270986    0.555134    0.066938    0.455474
    0.007546    0.078937    0.816202    0.371596   -0.533171   -0.597382
   -0.406205    0.779054   -0.605589   -0.234184   -0.874745    0.427751
   -0.277646   -0.265568    0.165812    0.069703   -0.430759   -0.939259
    0.605364    0.020117   -0.020347    0.898557   -0.130073    0.906099
   -0.557654    0.847735    0.769003    0.871115   -0.813017   -0.072742
   -0.755348    0.670697   -0.213528    0.819864   -0.774775    0.115406
   -0.182864    0.905553    0.205146   -0.310413    0.268156    0.261215
   -0.026081   -0.950247    0.984830   -0.119535   -0.666325   -0.906720
   -0.706135   -0.820714    0.060382   -0.085440   -0.977287   -0.595535
   -0.104621    0.764105    0.743976   -0.506342    0.342910    0.975132
    0.566967   -0.955741    0.786809   -0.237017    0.310109    0.859239
    0.600712    0.078038    0.067709    0.085766   -0.910639    0.817298
    0.171708    0.620867    0.635154   -0.961065    0.718707   -0.072225
   -0.606094   -0.165879    0.744872    0.529141    0.281865    0.477844
    0.845959   -0.285650   -0.695240    0.986558   -0.868852   -0.148221
   -0.790668   -0.525888   -0.553221    0.044517   -0.261919   -0.200056
   -0.348596    0.915451   -0.508940    0.997274   -0.645524    0.273687
    0.837796    0.310631   -0.514773   -0.896911   -0.337965   -0.178074
    0.851002   -0.387857   -0.832017    0.821871   -0.612329    0.129324
   -0.929298    0.556425   -0.793588   -0.556682    0.755481   -0.098441
   -0.396887    0.222705    0.528355    0.281651    0.113299    0.187845
    0.286163   -0.326190    0.789949   -0.545646    0.506127   -0.704617
    0.346898    0.069380    0.717907    0.399020   -0.941903    0.028105
   -0.547804    0.019762    0.655462    0.662674    0.905731   -0.642089
    0.395682   -0.563595   -0.999735    0.564868   -0.025248   -0.316135
    0.775116    0.491606   -0.499992   -0.889510   -0.700943   -0.182148
    0.790593   -0.930570    0.799385   -0.522248    0.287658    0.051258
   -0.397751   -0.185757    0.783154    0.410176    0.258580    0.645171
    0.871250    0.419987   -0.361098    0.512681    0.645612   -0.449702
    0.479916    0.355057   -0.542638   -0.860397    0.900789   -0.999994
   -0.291709   -0.044474    0.401914   -0.025903   -0.085105    0.689893
    0.978357   -0.130426   -0.638436   -0.440348   -0.863766   -0.313659
   -0.147791   -0.698911   -0.761704    0.643597    0.344175   -0.629924
   -0.827130    0.263739    0.638005   -0.823286    0.597258   -0.528130
   -0.375507   -0.723602   -0.061844   -0.810360   -0.866318   -0.268150
    0.485545    0.753139    0.182968    0.179374   -0.038654   -0.671610
   -0.448874   -0.061316    0.321542    0.023550   -0.396785   -0.757308
   -0.337028   -0.834437    0.524199   -0.901927    0.983554   -0.739387
   -0.219868    0.130243   -0.582700   -0.242731    0.073115    0.214629
    0.969717    0.251894    0.071713    0.812776    0.232981    0.937090
    0.858431    0.491471   -0.141643    0.443178   -0.061318   -0.979645
    0.776053   -0.139599   -0.194307    0.424508    0.342155   -0.817836
    0.276697   -0.393780    0.923379   -0.422351    0.429741   -0.341824
    0.785733    0.084761    0.880667   -0.691671   -0.457962   -0.459795
    0.738494   -0.626449    0.117446    0.781825    0.739204   -0.779819
    0.421514   -0.169421    0.104141    0.103523   -0.719668   -0.989158
   -0.251721    0.557290   -0.391677    0.985212    0.654454   -0.755230
   -0.305225   -0.604929   -0.227367    0.290034   -0.325966    0.256015
   -0.522567   -0.089686   -0.088699   -0.301062   -0.798490   -0.961796
   -0.895296    0.164740    0.590648   -0.308583   -0.806569   -0.144992
   -0.164074    0.412960   -0.646443   -0.007039    0.539721    0.183205
    0.597605   -0.067808   -0.973723    0.233382    0.426857   -0.259176
   -0.942395    0.639826    0.113572   -0.289121   -0.729193    0.108678
   -0.697205   -0.663500    0.964619    0.294991    0.502319    0.932643
   -0.290617    0.781002   -0.901859    0.810921    0.100647    0.100789
    0.728366    0.808736   -0.443025    0.387414    0.214648    0.754562
    0.293208   -0.003602   -0.022140   -0.090828   -0.983877    0.187375
   -0.678149   -0.735912   -0.555598    0.521718   -0.501312    0.648478
    0.349010   -0.151951   -0.239859    0.574681    0.943307    0.002741
   -0.657623   -0.590429   -0.240237   -0.037875    0.987800    0.972461
   -0.712906   -0.964491   -0.434198   -0.259828   -0.182760   -0.476006
    0.122932   -0.506526   -0.348681    0.174205   -0.928180    0.965572
    0.454980   -0.156230   -0.870687    0.155897   -0.794282    0.149768
    0.310967    0.819144    0.849094    0.224384    0.774910   -0.257019
    0.571336   -0.293142   -0.764811    0.472564   -0.058151    0.525540
    0.157548    0.399485   -0.552934   -0.767288    0.932013   -0.407301
   -0.665032   -0.538189    0.420908    0.346492    0.878153   -0.936587
   -0.874858   -0.356890    0.794315   -0.600901    0.174669    0.241295
   -0.911354    0.431120   -0.532301   -0.741186    0.453644    0.099968
    0.336729    0.526404   -0.496870    0.832718   -0.659457   -0.032244
    0.307050    0.792410    0.650265    0.173570   -0.647666   -0.756749
   -0.386204    0.731776    0.081660    0.966939    0.719378   -0.244697
   -0.300928    0.672548    0.184857    0.975330    0.030931   -0.265826
   -0.658267   -0.532673   -0.810689    0.674894    0.773508    0.958109
   -0.366438   -0.527528   -0.447695    0.380980    0.544562    0.157076
    0.211954   -0.188924   -0.162209    0.357476    0.286909   -0.683994
   -0.653798    0.462868   -0.104366   -0.103843   -0.901923   -0.025135
   -0.068406    0.087094   -0.423588   -0.210160   -0.686606   -0.967321
    0.051314   -0.526299    0.786656    0.708571    0.493544   -0.065931
   -0.180936    0.928068    0.611887   -0.799506   -0.051057   -0.632091
    0.284031    0.096186    0.408340   -0.519411   -0.849251    0.347837
   -0.616704   -0.843734   -0.947784    0.518538   -0.608092   -0.582235
    0.352617   -0.131594   -0.345010    0.833899   -0.146163    0.319166
    0.065709    0.213136   -0.134919    0.662733    0.809584    0.788200
    0.521916   -0.571000   -0.590295   -0.093086   -0.018385   -0.855531
    0.174603    0.835801   -0.946256   -0.813004   -0.857962    0.047009
   -0.403613   -0.929168    0.645839    0.890924   -0.498525   -0.590743
   -0.726636    0.470803    0.504374    0.326132   -0.391736    0.104528
   -0.315380    0.712230    0.175358   -0.757179    0.574059   -0.773244
    0.321764   -0.124691    0.006070    0.014553   -0.605941   -0.118356
    0.609887   -0.656889    0.274618    0.376438   -0.271214    0.357057
    0.417419   -0.674175   -0.946987    0.599741    0.750355    0.918248
    0.161658    0.762427    0.526139   -0.060932    0.861311    0.120538
    0.937481   -0.334925   -0.012553   -0.408757   -0.377698    0.830612
   -0.913407   -0.749903    0.565731    0.509069   -0.376978   -0.242492
    0.590773    0.896109    0.132871   -0.794533   -0.030673   -0.204903
    0.427838    0.583302    0.885121   -0.059906    0.494164   -0.687715
    0.347309   -0.337848    0.458527   -0.117711   -0.420882    0.438485
    0.906893   -0.767953   -0.442575   -0.141344    0.040469    0.665568
   -0.153538   -0.752836   -0.267513   -0.615494    0.031980    0.538156
   -0.753296   -0.478871   -0.249515    0.198802    0.362429    0.317997
    0.509372    0.543926    0.541555    0.197248    0.779651    0.492734
    0.812079    0.457242    0.264970   -0.064908    0.751000    0.836635
   -0.186783    0.806212   -0.101918    0.626256    0.427325    0.308306
   -0.466587    0.932512   -0.738580    0.295755    0.468757   -0.539119
   -0.696069   -0.295703   -0.650561   -0.794536   -0.356178   -0.796142
   -0.671312    0.530571    0.659201    0.876129    0.541970   -0.630192
   -0.921133    0.337063    0.849941    0.840895    0.044872   -0.847766
   -0.505770   -0.476391   -0.093535   -0.287163   -0.720281   -0.169411
    0.593097    0.423432    0.846295    0.123836    0.734370   -0.530896
   -0.489998   -0.272886   -0.865069    0.649868   -0.007455   -0.545558
    0.026853   -0.236399    0.312964    0.180363    0.029264    0.707021
   -0.536445    0.901959   -0.108565    0.366317   -0.598494   -0.558607
   -0.971244    0.446134    0.817043    0.714729    0.234461    0.013173
    0.666072    0.489579    0.014150    0.960749    0.389786    0.122186
    0.476988    0.935060   -0.540767    0.974334   -0.518173   -0.865512
    0.763488    0.275272    0.142670   -0.775096   -0.972717    0.280267
    0.747404   -0.287533   -0.379587    0.429681    0.916679    0.230189
    0.090057    0.256723   -0.973264    0.629105   -0.181081    0.680869
    0.085062    0.201566   -0.868419   -0.762893   -0.745707   -0.971843
    0.965344    0.979432   -0.228837    0.943197    0.049574    0.993678
   -0.067115    0.271240   -0.452404    0.870950   -0.561344    0.285014
    0.073972    0.302569   -0.051917    0.367743    0.442778   -0.099704
   -0.856114   -0.323106    0.585362   -0.233866   -0.539634   -0.205742
    0.222389   -0.557801   -0.033915   -0.899094    0.027714   -0.804705
   -0.659158    0.334964    0.616277    0.019702   -0.606436    0.133421
   -0.885629   -0.453222    0.948508   -0.758921    0.245216    0.693862
   -0.880174   -0.639152   -0.238456   -0.804880    0.115143   -0.074614
    0.998633    0.519985    0.579625   -0.900729   -0.363943   -0.446703
    0.018134    0.266629    0.036719   -0.650075   -0.722944    0.922239
   -0.993496    0.707811   -0.626799    0.839334   -0.189687    0.702462
    0.147004   -0.981066    0.028430    0.870855    0.080775    0.673685
   -0.867670    0.150212   -0.769009   -0.038348   -0.552260   -0.672534
    0.505276   -0.412699   -0.702481    0.604699    0.767948   -0.952780
    0.550187    0.522255    0.009315    0.808727   -0.410135    0.785043
   -0.067452    0.338086   -0.754891    0.558201   -0.589998   -0.583520
    0.725618   -0.345737    0.013363    0.987661    0.781736    0.042435
   -0.759275   -0.868265   -0.893071    0.692407   -0.893456   -0.793321
    0.084506   -0.102637    0.479325    0.991556   -0.396782   -0.927181
    0.496663    0.860423   -0.436991    0.695605   -0.649982    0.002683
    0.213703   -0.654924    0.553317    0.609363    0.504139    0.379999
   -0.220839    0.110497    0.447223    0.742877    0.235211   -0.185317
   -0.842781    0.689067   -0.373810   -0.150019    0.935597   -0.814587
    0.797870   -0.931904   -0.386172    0.537589    0.880487    0.581416
   -0.323680   -0.012604    0.585982    0.198821   -0.651542    0.937272
   -0.537501   -0.985343    0.560560   -0.393036   -0.265290   -0.047216
    0.871859    0.225693    0.114919    0.386532    0.692965   -0.873657
   -0.420550    0.709382    0.098833    0.477348   -0.149917    0.059674
    0.335137    0.996895   -0.472659    0.804353    0.519415   -0.146422
   -0.855157    0.967148    0.570525    0.436700   -0.003929    0.508174
   -0.485356   -0.950510    0.252349    0.995796   -0.667406   -0.047187
   -0.687311   -0.637488   -0.505793    0.639455   -0.187843   -0.225643
   -0.075924   -0.580250   -0.092406    0.865914    0.087925    0.068765
   -0.022981    0.708169   -0.038436    0.108823    0.867765   -0.793185
    0.139740    0.187015    0.138056    0.501496    0.820764    0.334081
    0.937895   -0.524004    0.186137    0.185896   -0.997009    0.958337
    0.747184   -0.829697   -0.946078    0.910884   -0.996986   -0.058850
   -0.565337    0.260816   -0.874319   -0.110982    0.302137   -0.155698
   -0.922444    0.591123   -0.288618   -0.255660    0.145789   -0.553007
    0.537112   -0.247211   -0.451546   -0.420753    0.063304   -0.977021
    0.964675    0.499207    0.221154    0.939565    0.268202    0.538837
   -0.563710   -0.030494    0.342999    0.564452   -0.428144    0.290772
   -0.399366   -0.924136   -0.347071    0.606465   -0.883939    0.968688
   -0.711705    0.449120    0.334080    0.897041   -0.954891   -0.128159
   -0.677500   -0.635619   -0.675054   -0.560907    0.071837    0.106096
    0.855733   -0.126805    0.862133    0.264095    0.834916    0.081156
    0.992193    0.900663   -0.615166    0.288127    0.458203    0.384868
   -0.368289    0.845510    0.673716   -0.488044    0.997594    0.545504
    0.241762   -0.812884   -0.934821    0.718611   -0.669822   -0.765447
    0.012528    0.529236    0.529677   -0.613598    0.999366    0.207576
   -0.274568    0.868265   -0.496480    0.359982    0.432250   -0.336912
    0.294642    0.744825    0.398795    0.420964   -0.889682   -0.327826
    0.607200    0.868022   -0.203559   -0.580918    0.099914    0.699065
    0.365376    0.544270   -0.886093   -0.371642   -0.437457   -0.508050
   -0.175895   -0.886497   -0.727860    0.712277    0.277435   -0.501452
    0.369488   -0.338899    0.630085    0.902982    0.217083    0.229317
    0.713880    0.581836   -0.981282   -0.114199   -0.021778    0.728860
   -0.605449   -0.887116   -0.260305    0.651561   -0.865143   -0.138044
    0.198208    0.539572   -0.427381    0.200734   -0.275660   -0.135688
   -0.538393   -0.040799    0.229977    0.692753   -0.483988    0.456899
   -0.637367    0.699610    0.589418   -0.709766   -0.076896    0.206515
   -0.369982    0.742040    0.553297   -0.661194   -0.151257   -0.405215
    0.807747    0.858024   -0.236191    0.566876    0.459906    0.034861
    0.835007   -0.755065    0.502987   -0.063298    0.241563    0.261560
   -0.436062   -0.831255    0.981327    0.149853   -0.463900   -0.465589
   -0.522335    0.497263   -0.698893    0.867727   -0.581405   -0.559896
    0.271339    0.339102    0.726275    0.711449   -0.111890    0.313174
   -0.756488    0.606310    0.803811    0.049498    0.751524    0.531865
   -0.496782   -0.662085    0.332376    0.893545   -0.252397   -0.152970
   -0.432078   -0.205523   -0.438818   -0.223639   -0.789556    0.181736
    0.476018   -0.363831    0.273236    0.920607    0.380180   -0.826048
   -0.424280    0.020893    0.605011    0.990808   -0.243944    0.363770
    0.435207   -0.125292   -0.588354   -0.721899    0.975737    0.783602
    0.261171    0.475858   -0.969477    0.462011    0.648564    0.181628
   -0.379861    0.862775   -0.616951    0.401826   -0.715942    0.106698
    0.832508   -0.670576   -0.104254    0.546418    0.130452   -0.991697
   -0.568112    0.464151    0.334496    0.809394   -0.799951    0.808252
    0.019356   -0.315423   -0.002481   -0.248596    0.745013    0.466435
   -0.001213    0.326422    0.022085   -0.086209    0.571951    0.055462
    0.265488    0.817590   -0.826998    0.427315   -0.871734    0.166280
    0.736014    0.183613   -0.980969    0.209229    0.889504    0.609491
   -0.973629    0.308714   -0.461734   -0.545234    0.457261    0.520600
    0.779817    0.576792   -0.261270   -0.576138   -0.931679    0.656662
   -0.581335    0.387798   -0.862361   -0.077765   -0.497233    0.132496
   -0.962539    0.951551   -0.830803    0.923894   -0.532998    0.133526
   -0.352097   -0.387516    0.597625    0.904847   -0.642638    0.430293
    0.009831   -0.631641    0.188881    0.893556    0.335595    0.236025
    0.780729    0.003828   -0.480547    0.410393   -0.607549    0.649840
    0.070258    0.174314   -0.175741   -0.853208    0.456510    0.182092
   -0.843266    0.184224   -0.721293   -0.294400   -0.300262    0.443618
   -0.918173    0.038631    0.262486    0.743284    0.916001   -0.341865
   -0.897188   -0.497332   -0.449414    0.181512   -0.993755   -0.761498
    0.726902    0.144915    0.933217    0.065806   -0.776264   -0.653880
   -0.206780    0.105770   -0.518227    0.220827    0.164838    0.518337
   -0.300943   -0.202657    0.350531   -0.531891   -0.130275    0.050877
   -0.505438   -0.044156    0.650398   -0.957638   -0.645738    0.535065
   -0.773579    0.638172   -0.480559   -0.048431   -0.121081   -0.284348
    0.800934    0.908291   -0.486526    0.073196    0.101244    0.933569
   -0.698775    0.950132    0.574383    0.875672    0.774953   -0.313835
    0.569721   -0.530746   -0.201629    0.379085   -0.810178   -0.294493
    0.290961   -0.894636    0.206447   -0.217315   -0.193876    0.182187
   -0.223487   -0.134895   -0.450465    0.882085   -0.874466   -0.122542
    0.989938    0.151418    0.521869    0.450916   -0.000102    0.042912
    0.064618    0.122665    0.430988   -0.689304    0.744839    0.857099
   -0.031706   -0.406892   -0.650343   -0.185902    0.110670    0.645710
   -0.836980   -0.606275    0.705914   -0.845323   -0.959517   -0.514144
    0.878130   -0.359938   -0.985204    0.213871    0.581929   -0.961576
    0.831307    0.480780    0.976403    0.222289    0.206201    0.930485
    0.871419   -0.730141   -0.520238   -0.008992   -0.903790   -0.095960
   -0.226013   -0.646777   -0.564092    0.055307    0.081815    0.366573
   -0.958508   -0.037338    0.107745    0.968818   -0.147922   -0.083683
    0.472229   -0.113557   -0.700448    0.740149   -0.783341    0.568210
    0.220972    0.502353   -0.010045    0.868375   -0.227550    0.238741
   -0.455957   -0.461693   -0.192216    0.832825    0.879283    0.764868
    0.800428   -0.791588   -0.501258   -0.000694   -0.909813   -0.897279
    0.965678    0.361776    0.288831   -0.608114    0.889128    0.666149
    0.456511   -0.520306    0.179061   -0.066745    0.228294    0.195624
   -0.894514    0.147088   -0.316634    0.905113    0.420217    0.489824
   -0.164252    0.996687   -0.566156    0.417524   -0.119823    0.618185
   -0.566497   -0.342534   -0.919302   -0.824902   -0.545869   -0.044870
   -0.273613   -0.151115    0.995499    0.577435   -0.653539    0.225997
   -0.205885    0.297726    0.303157    0.709420    0.131641   -0.960935
    0.903366    0.086377    0.152160    0.300480    0.926643    0.001895
    0.551076    0.149615    0.121238    0.643424   -0.100918   -0.294000
    0.020707   -0.291778   -0.541403    0.243117    0.147154   -0.847809
    0.532077    0.979141    0.023589   -0.195341   -0.919778    0.476305
   -0.320213    0.218759   -0.534881    0.099160    0.111838    0.930367
    0.674666    0.468398    0.211504    0.234560   -0.084030   -0.794283
   -0.418348   -0.387655    0.454377    0.618654   -0.294947    0.539094
   -0.192406    0.296475   -0.562785    0.228354    0.807814    0.886025
   -0.413448   -0.664866   -0.076719   -0.445760   -0.498469   -0.186716
    0.987593    0.038787   -0.306751   -0.809770   -0.831346    0.072486
   -0.702338   -0.605426    0.514074   -0.329798   -0.596158   -0.172421
    0.670427    0.949714    0.994550    0.436099    0.800724   -0.398729
   -0.716713   -0.297303    0.072148   -0.318430    0.389187   -0.502877
   -0.618369   -0.147473    0.633072    0.700574   -0.309819    0.720939
   -0.632688    0.989830   -0.183819   -0.318641    0.499227    0.825756
    0.094403    0.819331    0.696797    0.805964   -0.242258   -0.963113
   -0.170994   -0.472990   -0.756064   -0.269413   -0.103415   -0.432267
   -0.703550    0.108606   -0.036184    0.113382   -0.995037    0.428069
   -0.201788   -0.714583   -0.089284   -0.856145   -0.496004    0.958981
   -0.473930   -0.309779    0.392177    0.022202    0.776993    0.604215
    0.397420   -0.092279   -0.479005    0.316702   -0.894332   -0.877640
    0.752899   -0.119105   -0.287192    0.661308   -0.770836    0.192623
   -0.843048   -0.907512   -0.411563   -0.983860    0.584758    0.287502
   -0.393029   -0.161738    0.427896    0.029227   -0.280410   -0.762339
    0.868757   -0.761359    0.304116    0.804983   -0.602358    0.456958
    0.943588   -0.982466    0.386841   -0.273780   -0.826010    0.835299
    0.246203    0.560759    0.525770    0.925002    0.276449    0.476930
   -0.325917   -0.816119    0.137400   -0.311133   -0.051136   -0.121834
   -0.218778    0.950217   -0.933903    0.066271   -0.003054    0.162367
   -0.249483   -0.082721    0.963782   -0.437561    0.782500   -0.062741
    0.807219    0.877972   -0.446475    0.886133    0.103575    0.837843
   -0.599722    0.938581    0.695423   -0.625877    0.715551    0.094133
    0.420256   -0.882825    0.961805    0.106799    0.427665   -0.417230
   -0.855608   -0.246051   -0.281454    0.252222    0.250402   -0.333750
   -0.018399   -0.030135    0.814132   -0.086583   -0.933411   -0.497980
    0.415505    0.169101    0.950155    0.599734   -0.887940   -0.513267
   -0.094152    0.395748   -0.140465    0.007387    0.634008    0.039815
   -0.581180    0.098174   -0.422246    0.965960   -0.520011    0.611826
    0.995256    0.603704    0.334492   -0.736178   -0.200679   -0.217151
    0.975341    0.009763   -0.410140    0.253532    0.681272    0.391056
   -0.750733    0.290429   -0.985047    0.347958    0.556646    0.553947
   -0.954389   -0.840466    0.622266    0.565597   -0.943434   -0.997223
    0.789901    0.593175    0.414753    0.230886    0.595096    0.290815
   -0.865812    0.159486    0.866002   -0.800055   -0.003334    0.605687
    0.580927    0.825688   -0.500238    0.890595   -0.969246    0.525808
   -0.298726    0.803337    0.508371    0.685725   -0.562271   -0.356105
    0.086184   -0.440869    0.741447    0.358685   -0.915046    0.899749
   -0.535481    0.915902   -0.397459    0.089514    0.238096   -0.108397
    0.662665    0.420231    0.853492    0.438456   -0.510129   -0.862321
   -0.365815   -0.770790    0.241661   -0.713654   -0.307061   -0.956938
   -0.822486    0.315899   -0.186535   -0.489437   -0.330880    0.860818
    0.814855   -0.294172   -0.334613    0.817279   -0.423521   -0.160642
   -0.738976    0.041505   -0.441261    0.644899   -0.820886   -0.944855
    0.918379   -0.250389   -0.382427   -0.826908   -0.648851    0.747119
   -0.157513   -0.936417   -0.457763   -0.284783   -0.817155    0.068152
    0.239761    0.530661   -0.844605    0.107987    0.360330   -0.497905
    0.850891   -0.683765    0.568846   -0.511324    0.561985    0.749927
   -0.047438   -0.940016    0.286004   -0.054478    0.182693   -0.572767
   -0.857233    0.854795   -0.536237   -0.184095    0.962755   -0.103637
   -0.063129   -0.337954   -0.243499   -0.173888    0.269916   -0.401737
   -0.169527   -0.013923    0.353384   -0.424902   -0.944073   -0.736625
   -0.079947    0.828032    0.809615   -0.063461   -0.595829   -0.816310
   -0.192811    0.672963    0.008994   -0.356636   -0.014045   -0.147115
    0.335749    0.582852   -0.920717    0.855706    0.072505   -0.475223
   -0.827801    0.753238   -0.253453   -0.950907    0.344159   -0.192523
    0.681297   -0.266541   -0.343392   -0.259266   -0.711538   -0.590914
   -0.838446    0.367186   -0.247348   -0.016281    0.913098   -0.136688
    0.953887   -0.271745    0.004143    0.169531    0.438028    0.174330
    0.565868   -0.792664   -0.117532   -0.108196    0.837590   -0.340669
   -0.321729    0.931605    0.577814   -0.983620    0.832335   -0.423017
   -0.241037    0.654815   -0.394327    0.885866   -0.084622    0.838058
    0.833974   -0.151065   -0.147510    0.627118    0.864634   -0.298591
    0.741337    0.664562   -0.446003   -0.981054    0.795929    0.236257
   -0.733262    0.293162    0.033766   -0.634915   -0.460127   -0.425550
   -0.305823   -0.700879   -0.916879    0.211493   -0.899569   -0.969561
    0.576671    0.707505   -0.395166    0.993016   -0.389091   -0.854744
   -0.137921   -0.665013    0.217898    0.147578    0.025071    0.741672
   -0.838544   -0.243308   -0.911665   -0.367817   -0.981405   -0.580179
   -0.902624   -0.559617   -0.664136    0.524198    0.178869   -0.539204
    0.939506    0.624164    0.114470    0.487742    0.859331   -0.154465
   -0.990784   -0.715966    0.758253   -0.535339    0.629461    0.532245
    0.434338   -0.062575   -0.411813    0.415434   -0.756491   -0.445713
    0.724298    0.472235    0.501953    0.997455    0.880960    0.737160
   -0.288386    0.530083    0.602922    0.360528   -0.511656    0.291209
   -0.762606   -0.938510   -0.543236   -0.979746    0.581821   -0.091390
   -0.661897   -0.592357    0.439584   -0.386775   -0.025938    0.252288
    0.193176    0.178552    0.560289    0.715757    0.725829    0.657361
   -0.379601    0.144368   -0.921143    0.819280   -0.865381    0.259851
   -0.969231    0.566025    0.655178    0.171207   -0.431636   -0.868994
   -0.201436    0.170645    0.677219   -0.550370   -0.600081   -0.816786
   -0.798155    0.304657    0.823619   -0.745665   -0.632683   -0.466108
    0.574370   -0.088450   -0.446069   -0.365196    0.573744   -0.621707
    0.361217   -0.487282   -0.965402    0.259612    0.280787    0.609600
    0.068390    0.478597    0.596278    0.461779   -0.283244   -0.433330
   -0.591547    0.385117    0.363134   -0.525317    0.468601    0.412641
   -0.375296    0.721584    0.049152   -0.912605   -0.165604   -0.565514
    0.926518   -0.103951    0.745863    0.778712    0.323489    0.210948
   -0.770918   -0.810904   -0.986447   -0.385489    0.118061   -0.148841
    0.988634    0.513775   -0.991313    0.084561    0.783058   -0.908411
   -0.590510    0.112078    0.663911   -0.689095   -0.594100   -0.588692
   -0.612400    0.343032   -0.528651    0.058542   -0.922710   -0.735430
    0.564996    0.785860    0.155882   -0.491040   -0.618407   -0.512868
    0.776032   -0.199815    0.527375   -0.643573   -0.002924    0.730147
    0.405569   -0.872129    0.199194    0.664186    0.542735    0.547623
   -0.005170    0.605506    0.514960    0.913931   -0.511298    0.205881
    0.165466    0.675107   -0.030251   -0.983521   -0.335011   -0.908095
    0.318696   -0.544000   -0.163324   -0.043323    0.431952   -0.098813
   -0.406344   -0.765134   -0.807895    0.709469    0.116283    0.364121
   -0.492629   -0.263751    0.043413    0.547082    0.998701    0.848568
    0.215653   -0.258214    0.951985   -0.270867    0.952204    0.833243
   -0.347975    0.796489    0.945807    0.553756    0.405569   -0.634463
   -0.480824   -0.934740   -0.868846   -0.204078    0.959486    0.083928
   -0.066729    0.688242   -0.549070    0.179932   -0.154836   -0.312609
   -0.685515    0.245163   -0.068966   -0.543340    0.687209    0.758516
    0.281278   -0.301386   -0.139774    0.672083   -0.995774   -0.806833
   -0.987263    0.003124   -0.651871   -0.781997    0.376490    0.587933
    0.724555    0.934042    0.413834    0.216082   -0.933556    0.400753
    0.530705   -0.468791    0.357806    0.680966   -0.016631    0.916757
   -0.781255   -0.558214    0.795159    0.754275    0.710000    0.032735
   -0.209627   -0.488654    0.463268   -0.800198   -0.030113   -0.533965
    0.828831    0.948746    0.378591    0.546450   -0.231968    0.867526
   -0.464118   -0.840770   -0.624332   -0.019207   -0.207212   -0.507941
   -0.279731    0.370530   -0.061270    0.855160   -0.828325   -0.185412
    0.818047    0.044355    0.116147   -0.369984    0.860302   -0.020356
    0.885217   -0.835202    0.741474    0.346125    0.716385   -0.447209
   -0.996846   -0.304864    0.497804   -0.689693   -0.034268   -0.435107
   -0.802738   -0.226954   -0.029740   -0.547603    0.547746    0.753500
   -0.564055    0.017225    0.385588   -0.067734   -0.030902    0.271118
   -0.694450   -0.728371    0.773965   -0.097434    0.612978   -0.629211
    0.417288    0.697399   -0.134226    0.600102   -0.472781   -0.572247
   -0.361312    0.876186   -0.588698    0.660629    0.663187    0.370509
   -0.815582   -0.958627   -0.905592    0.976793   -0.041227    0.310128
   -0.585021    0.112826   -0.533126    0.332351    0.692405   -0.455232
   -0.537989    0.589144    0.134647    0.086648    0.778751    0.590761
   -0.391665    0.955798    0.672803    0.187125   -0.760141   -0.666671
    0.073683   -0.842952    0.890782   -0.665083    0.989084    0.910429
   -0.855426    0.045220    0.342646   -0.362923    0.025468    0.856203
   -0.082199   -0.835016    0.550468   -0.551810    0.140641    0.944012
   -0.596576    0.267520   -0.278668   -0.520172   -0.953233    0.065888
    0.011363    0.704880   -0.371869    0.539873    0.323707    0.878104
   -0.746380   -0.916758    0.740184    0.333481    0.599605   -0.488359
    0.025895   -0.833561    0.561477    0.005884    0.630594    0.446437
   -0.233503    0.535845   -0.291346    0.584586   -0.331302   -0.401307
    0.843285    0.214344   -0.640799   -0.596078    0.370719   -0.301421
    0.398336    0.995832    0.617293    0.003186   -0.853801   -0.318028
   -0.568897    0.364785    0.610375    0.406996    0.123867    0.792143
   -0.878076   -0.310172   -0.995077   -0.109954    0.999143    0.914331
   -0.638752   -0.043943    0.357276    0.614239    0.191419    0.616389
    0.842531   -0.525236    0.204581   -0.226144    0.023022   -0.950217
   -0.199674    0.468271   -0.546190   -0.042778    0.503303    0.596148
    0.195868    0.652803    0.392245    0.000489    0.118964   -0.458623
   -0.535289    0.373021   -0.452071    0.424448    0.697777   -0.110052
   -0.420381   -0.186319    0.491311   -0.769366    0.434757    0.319186
    0.147586   -0.230798   -0.908677    0.514538    0.341884   -0.646943
   -0.909055   -0.323134   -0.768328   -0.878601   -0.771459    0.216015
    0.563740   -0.935206   -0.012478    0.246054    0.844370   -0.848867
    0.490665    0.839566   -0.853358    0.278314   -0.405090   -0.903229
   -0.579252    0.831089    0.063366   -0.627937    0.081193    0.930476
   -0.805895   -0.958340   -0.583238    0.721279    0.589343   -0.412902
    0.013861   -0.522430    0.951567    0.753363   -0.234064    0.119419
   -0.241921    0.210407   -0.082267   -0.915978    0.275982   -0.706517
    0.532405   -0.285074   -0.011262    0.573023   -0.980270    0.436989
    0.257935    0.477369    0.067954   -0.496421    0.838904    0.487593
    0.390807   -0.120510    0.984880    0.179620   -0.089338   -0.340127
   -0.178792   -0.968908    0.421416    0.966878   -0.889081    0.948407
   -0.367053    0.763868    0.923919    0.864073    0.157866    0.571072
   -0.308775    0.797537   -0.442254   -0.161863   -0.591879    0.342227
    0.852863   -0.300999    0.327463    0.551304    0.655613    0.988137
    0.652215    0.847354   -0.922059   -0.752757    0.963557    0.898005
   -0.491086   -0.584872    0.213373   -0.968183   -0.078986   -0.808557
    0.392241    0.952019   -0.792254   -0.219244   -0.280656    0.294278
    0.201602   -0.445610    0.933788   -0.742549    0.116733   -0.840692
    0.956029    0.141710    0.578014    0.287783    0.664559    0.012581
   -0.298325    0.059045   -0.257204   -0.630696   -0.599321    0.115522
    0.598485    0.928856   -0.578348    0.216960   -0.053363    0.410337
    0.413160    0.625403   -0.846403    0.144397   -0.315231    0.593448
    0.457491   -0.931753    0.233589   -0.539425   -0.488454    0.171207
    0.363648   -0.778808    0.387041    0.409031   -0.842698   -0.098924
   -0.579076    0.652768    0.134762    0.975287    0.057535    0.825196
    0.058096    0.223060   -0.894320   -0.453469    0.987503   -0.207520
   -0.344685    0.709528    0.296151   -0.678471   -0.309276   -0.864767
   -0.423848   -0.878078   -0.684144   -0.840605    0.754168   -0.610436
   -0.061459   -0.209727   -0.441362    0.397959    0.780784   -0.056166
   -0.569058   -0.431608    0.803917    0.697686   -0.921795    0.074188
   -0.694014    0.535109    0.254858   -0.469747   -0.892773   -0.086425
    0.498666   -0.941324    0.266223   -0.497146    0.199592    0.472341
   -0.097653   -0.527212    0.033986   -0.790394   -0.762319   -0.607504
   -0.491873   -0.422325   -0.092404   -0.980803   -0.421257    0.734925
    0.161550    0.200882    0.411032   -0.258099    0.138596    0.611357
    0.692436    0.400123   -0.782854    0.998339    0.187958   -0.965703
    0.165626   -0.230801    0.626577    0.710461   -0.085824    0.966759
   -0.070591    0.058822    0.149486   -0.193476   -0.278846    0.507520
   -0.839432    0.755659    0.298643   -0.889343    0.452333    0.275496
    0.748532    0.062141   -0.085997   -0.888640    0.091958    0.595140
   -0.325521   -0.768297   -0.737176   -0.546308   -0.489712    0.092974
    0.884975    0.285230    0.736838   -0.455286   -0.433876    0.518183
   -0.076396   -0.375769    0.391347   -0.705076    0.709174   -0.678192
   -0.351418    0.733791    0.965928   -0.699857   -0.765289    0.749384
   -0.030385    0.791182   -0.432932   -0.353040   -0.029685    0.682626
    0.363554   -0.324613   -0.643950   -0.439721   -0.655870   -0.133615
    0.929248    0.535536    0.684740    0.298964    0.597036    0.436671
   -0.755794    0.168437    0.901002    0.909845    0.268043    0.459283
   -0.928488   -0.022302    0.559489   -0.841834    0.384381    0.177667
   -0.284634   -0.230079    0.404185    0.286547    0.664640    0.882633
   -0.910368    0.779129   -0.936094    0.991548   -0.028322    0.256784
    0.550657   -0.963017    0.131610   -0.354571   -0.155877    0.443104
   -0.745247   -0.186776   -0.324715    0.652932   -0.477900    0.344073
   -0.799913    0.799502    0.669532    0.557814    0.561117    0.132829
    0.859277   -0.627390   -0.593188    0.423627   -0.037160    0.261717
   -0.173677    0.668769   -0.322666    0.159570   -0.668980    0.870354
    0.723735   -0.431429    0.683811    0.370631   -0.220661    0.940013
   -0.748986    0.362799   -0.113398   -0.444911    0.854388   -0.730189
   -0.631041    0.967033    0.124066   -0.525553    0.686396   -0.354319
   -0.102501    0.522106   -0.463922    0.136305    0.587973   -0.322441
   -0.546394    0.775697    0.206975    0.498963    0.398412    0.132744
    0.787490    0.593412    0.995101    0.125558    0.556331   -0.255392
   -0.743910   -0.031702    0.027403    0.631173    0.648409    0.461233
    0.794869   -0.530658   -0.235031   -0.940467   -0.299761    0.564724
   -0.074929   -0.802397   -0.055437    0.310198    0.415453    0.476507
   -0.945207    0.227477    0.871585    0.052672    0.538731   -0.235664
    0.324413    0.610533   -0.411917   -0.782187    0.284434    0.412497
    0.120478   -0.366489   -0.298369    0.119682    0.988400   -0.086907
    0.224164   -0.349221   -0.273749    0.451748   -0.864298   -0.800733
   -0.870113    0.887760    0.873320   -0.450146    0.877676   -0.324440
   -0.976245    0.031389    0.206036   -0.321214    0.333785    0.873552
    0.650497    0.835079   -0.264923   -0.419802    0.812620   -0.473368
   -0.788016    0.635244    0.763405   -0.705406    0.004898   -0.586514
   -0.470800   -0.274085   -0.293917   -0.016824   -0.859415    0.798105
   -0.402274   -0.844775    0.176517   -0.008200   -0.655362   -0.701222
   -0.914441   -0.992534    0.967706    0.382306    0.309286    0.218559
   -0.726155    0.674841   -0.653713   -0.439773    0.323671   -0.207615
    0.449276   -0.428079    0.406356   -0.183078    0.941068   -0.873656
   -0.058781    0.539804    0.794914   -0.789556    0.233333    0.207441
   -0.434827    0.722734    0.742272   -0.798854    0.829842    0.584379
   -0.173952    0.504280   -0.602096   -0.035847   -0.562516    0.946199
    0.201545   -0.944410   -0.848712   -0.692030   -0.529428   -0.448584
    0.419958   -0.764492    0.259742    0.381021    0.055020    0.087429
   -0.058127    0.328816    0.130748   -0.914246    0.563935   -0.119289
    0.432313   -0.314393    0.196198   -0.453411   -0.887502   -0.129817
    0.455653    0.032513    0.784239   -0.506665   -0.711759    0.960247
   -0.653951    0.027672    0.918711    0.727564    0.430819    0.357514
   -0.519940   -0.135504   -0.009293    0.802704   -0.056925    0.229720
   -0.084871   -0.124384    0.935608   -0.752146   -0.586985   -0.927571
   -0.948410   -0.619353    0.234451    0.895982    0.542851    0.495946
   -0.367687    0.131997    0.822815   -0.568495    0.367502   -0.608289
   -0.748366   -0.429654    0.383095    0.173583   -0.617604    0.493626
    0.109137   -0.894097   -0.392353    0.229098    0.045878   -0.920005
   -0.983835   -0.086913    0.575238   -0.938707    0.903882    0.935606
   -0.615967    0.867082   -0.840721    0.358006    0.885213   -0.722994
   -0.577613    0.591275    0.862611   -0.748792   -0.462233    0.570838
    0.942700    0.337033    0.264299   -0.432968   -0.550480    0.203508
   -0.133210   -0.346584    0.620147   -0.684097    0.026340    0.844290
    0.520335    0.207591    0.797561    0.327336   -0.834049    0.874035
   -0.716946    0.942672   -0.601496    0.842782    0.977648    0.297124
    0.597331   -0.840232   -0.425043   -0.720072    0.160996   -0.390930
   -0.675548   -0.615992   -0.287254   -0.144230   -0.304769   -0.641106
    0.860031   -0.477158    0.486606    0.129762   -0.111463    0.874866
    0.134710   -0.725101   -0.241445   -0.513821    0.706932   -0.436431
    0.459360    0.917564    0.123121    0.351363    0.952908    0.123364
    0.901165    0.287258   -0.983094    0.297354   -0.004069    0.841282
   -0.622136    0.202048    0.151163   -0.769512   -0.409152   -0.415647
   -0.170436    0.052648    0.042803    0.528025    0.676889    0.709864
    0.621804   -0.085258   -0.435972    0.598191   -0.455601   -0.248684
    0.413400    0.613518    0.568912   -0.349502   -0.925233    0.125010
    0.211496    0.080637   -0.520316   -0.676405   -0.187508    0.922420
    0.776062   -0.293118   -0.844497   -0.761395   -0.609835   -0.290197
    0.405420   -0.259565    0.463798    0.295768    0.698752   -0.869608
   -0.234179    0.918844    0.486263   -0.783221    0.443894    0.189636
   -0.017665   -0.958184    0.893044    0.562704   -0.992252    0.616403
   -0.344780    0.292810    0.136366   -0.838722   -0.073230   -0.446899
   -0.563215    0.881375   -0.377157   -0.769447   -0.017654    0.073259
   -0.799467    0.776378   -0.206575   -0.193891    0.061942   -0.632949
   -0.359537   -0.786311    0.048542   -0.997647   -0.676412   -0.873402
    0.237841   -0.081451   -0.858888    0.695381   -0.775259   -0.931435
   -0.533388    0.738553    0.810485   -0.907650   -0.395249   -0.310493
   -0.528806   -0.763811    0.387668   -0.558344    0.386349   -0.486931
   -0.956000   -0.400728   -0.385919    0.534687   -0.462130   -0.116201
   -0.192031    0.322045   -0.080871   -0.689587   -0.165787   -0.509537
    0.892441    0.725369    0.477044    0.627657    0.674064    0.213087
    0.319723    0.887682    0.332151    0.387063    0.425726   -0.434456
   -0.981890    0.867822   -0.411911   -0.841904   -0.722113    0.087486
    0.385336    0.981365   -0.668916   -0.902135   -0.271224    0.166537
   -0.585873    0.092540   -0.286345   -0.160143   -0.783881   -0.657162
    0.793722   -0.224569   -0.271310    0.888938    0.264948    0.588841
   -0.843778    0.883279    0.411742   -0.740597   -0.507924    0.003512
   -0.429013   -0.887910   -0.698467    0.495630    0.769193    0.941720
    0.841002    0.321779    0.089904    0.488551   -0.821981    0.524884
    0.703161   -0.739233   -0.347529    0.744165    0.333621   -0.180079
    0.178578    0.040269   -0.238799    0.144326   -0.416429    0.661072
    0.224561    0.585857    0.970955    0.699412    0.619593    0.796038
    0.344942    0.149012    0.742626   -0.169696    0.672216    0.769498
    0.288002    0.634698    0.815676   -0.871514   -0.392021   -0.784454
   -0.743539    0.494626    0.765546   -0.713328    0.389697    0.631407
   -0.030177   -0.895010   -0.904766   -0.924247   -0.983943   -0.122715
   -0.389482   -0.739620   -0.437707    0.517800    0.462209    0.419307
    0.917429    0.790922   -0.952483    0.238981    0.938652   -0.712944
    0.356040   -0.330599   -0.524448    0.596831   -0.944915    0.409054
    0.302741   -0.747125    0.164417    0.006136   -0.315499   -0.114347
    0.001446    0.197764    0.643912   -0.762508    0.746539    0.713637
    0.066329    0.402082   -0.764552    0.955709   -0.153366   -0.853643
   -0.602955   -0.156747   -0.643421   -0.075944    0.120142   -0.238058
   -0.171543   -0.527046    0.676459    0.118762   -0.986129   -0.429515
   -0.601069    0.260470   -0.876878   -0.553873    0.505725    0.182739
    0.445226   -0.521277    0.646353   -0.587459    0.121513   -0.718220
   -0.200476   -0.788486    0.188216    0.717608   -0.532676    0.907700
    0.031051   -0.903934    0.572288    0.121270   -0.585789   -0.317370
   -0.503344    0.763749   -0.439617   -0.735334   -0.956059   -0.539560
   -0.773542   -0.427205    0.906859    0.509865   -0.855780    0.139738
    0.308077   -0.308759   -0.028598   -0.626778   -0.469399    0.985665
    0.732147   -0.874747    0.943975   -0.872176    0.660915    0.854049
   -0.201216   -0.830372   -0.470228   -0.950437    0.983155   -0.009059
   -0.384018   -0.504907    0.801550   -0.053558   -0.238700    0.478805
    0.125476    0.973599   -0.243552   -0.868998   -0.602258    0.772209
   -0.844547   -0.761566    0.457363    0.451808   -0.345085    0.979238
    0.422331    0.400394   -0.399681   -0.488008    0.230849    0.940840
    0.768425    0.979706
