    0.369070   -0.568397    0.916927   -0.275277   -0.820861   -0.883933
    0.550812    0.667709   -0.710350    0.130169    0.655327   -0.921906
    0.648921   -0.538400    0.619783    0.449450   -0.184270    0.009953
   -0.886002    0.081524   -0.725726    0.240985    0.843697   -0.534337
   -0.854448   -0.503477    0.126977    0.046931    0.195355    0.480527
    0.262796   -0.186907   -0.303797   -0.817913   -0.082738    0.317813
   -0.609574    0.682465    0.416807   -0.690641    0.502200    0.730325
   -0.654052   -0.662948    0.849675    0.770801   -0.957810   -0.483449
    0.060282    0.247806   -0.436975   -0.973750    0.640412    0.821142
   -0.435592   -0.156453    0.261795    0.379282   -0.651126    0.667941
   -0.221291    0.650426    0.849544    0.618713   -0.905064    0.786834
   -0.804473    0.278232    0.351136    0.004233   -0.884323   -0.898196
   -0.149862    0.042760    0.866280    0.452651    0.141800   -0.926702
   -0.013209   -0.046864   -0.380483   -0.257900    0.268042   -0.325782
   -0.443447    0.138252    0.648039   -0.788148    0.226911   -0.473278
   -0.414800   -0.249175    0.584123    0.794113   -0.861940   -0.238097
    0.891399   -0.763642    0.713130   -0.601283   -0.935306    0.512729
   -0.942169    0.896038    0.580743   -0.967962   -0.997255   -0.299308
   -0.479780   -0.067323    0.339811   -0.717126   -0.012720   -0.259794
   -0.485723    0.706815   -0.636434   -0.749566    0.041077    0.853805
    0.083878    0.377299    0.698609   -0.396961   -0.293680    0.483553
    0.152850    0.338201    0.514201    0.289938   -0.900171    0.075067
   -0.762626   -0.540690    0.866648    0.070536   -0.183193    0.681940
    0.068728    0.792402   -0.262432    0.735369    0.804441   -0.069816
   -0.058278    0.540113   -0.198629   -0.460134    0.798457   -0.885702
   -0.907090    0.735711   -0.107380   -0.852059   -0.374833    0.535759
    0.360444   -0.081341   -0.295985    0.433600    0.546392    0.467560
    0.186059   -0.287849   -0.196824    0.489314   -0.883394    0.889145
    0.433034    0.122591   -0.011811    0.364198    0.651022    0.621094
    0.138524   -0.238850    0.731063   -0.214096    0.396596   -0.975750
    0.100300   -0.883678    0.549656   -0.580953   -0.457441    0.582396
   -0.053266    0.130551    0.699295    0.365406   -0.885882   -0.941683
    0.686667   -0.057952   -0.680499   -0.342073   -0.256938    0.293775
   -0.907085    0.553729   -0.765834   -0.632321   -0.050152   -0.483998
   -0.972233   -0.886911   -0.305738    0.111691    0.334647   -0.692529
    0.941117   -0.597300   -0.276021   -0.342905   -0.934776    0.995212
    0.134617    0.786684   -0.682994    0.799312    0.479986    0.640140
    0.267042    0.254646   -0.657979   -0.172753    0.669467   -0.618087
    0.647401    0.463771   -0.357496   -0.476393   -0.092199    0.944522
   -0.766769   -0.510477    0.214732   -0.032797    0.173915   -0.327073
    0.019086   -0.232108    0.008524   -0.113496    0.271767    0.539002
    0.360150   -0.630048    0.020963   -0.171288    0.854039   -0.914097
   -0.419258   -0.302508    0.659344   -0.881871    0.263612    0.610687
    0.795322    0.655364    0.815279    0.693827    0.021217    0.047714
   -0.169280    0.175881    0.180037   -0.932803   -0.421509   -0.503024
   -0.234981    0.273010    0.385387    0.992130    0.958325    0.167844
    0.713876    0.544564   -0.602947   -0.145917    0.345522    0.782705
   -0.521515    0.607428   -0.246570   -0.847599   -0.676509   -0.857466
   -0.434015    0.638231    0.126380   -0.766482   -0.726153   -0.923091
   -0.633733    0.760951    0.909175   -0.872444   -0.892839    0.064969
   -0.833613   -0.792986   -0.560579   -0.614657   -0.297414   -0.429841
   -0.642962    0.125033   -0.128677   -0.597608    0.647571   -0.132482
   -0.890143   -0.472504   -0.361616    0.796577   -0.146893   -0.421245
    0.677959    0.771157    0.157223   -0.725162    0.505975   -0.414934
   -0.160850    0.415202   -0.124988    0.245436   -0.889018   -0.226768
   -0.944317    0.881717   -0.434316    0.596782    0.107718   -0.428539
    0.368452   -0.582422    0.607193   -0.111350   -0.428527   -0.548262
    0.097384    0.364398   -0.050037    0.538342    0.807086   -0.625814
   -0.119971    0.755043    0.739415    0.695449   -0.328930   -0.539740
   -0.239026   -0.062388   -0.386058    0.189301    0.384064    0.344171
    0.245932    0.487463   -0.077806    0.689882    0.078935    0.033662
   -0.610379   -0.522605   -0.913982    0.949445   -0.168867    0.073918
   -0.143013    0.752208    0.185771   -0.613749    0.654995   -0.857900
   -0.328562   -0.684585   -0.039079   -0.846587   -0.513896   -0.215645
    0.637312   -0.859091   -0.725820   -0.826252   -0.653719    0.494778
    0.364350   -0.694922    0.890095   -0.826306    0.690890   -0.472588
   -0.059478   -0.529886   -0.953960   -0.191068    0.804417   -0.227768
   -0.645433    0.273387   -0.331623    0.490610   -0.934392   -0.397483
   -0.698557    0.259217   -0.661425    0.718805    0.932104    0.725693
    0.716075    0.449804    0.371765   -0.925226    0.985890    0.060862
    0.202684   -0.195327    0.574009   -0.326109   -0.389518    0.178879
   -0.415070   -0.910501    0.094675    0.789564   -0.934800   -0.308552
    0.624392   -0.086919    0.909923   -0.647440   -0.521031    0.714722
    0.890776    0.927767   -0.354690    0.822285    0.392081   -0.591152
   -0.183288    0.977644   -0.160073    0.831500   -0.205085    0.991385
   -0.791759    0.737166   -0.672767   -0.790452   -0.461526   -0.415045
    0.205851   -0.908384   -0.778731   -0.431627    0.902165    0.704345
    0.749078   -0.751766    0.760392    0.351006   -0.416360   -0.877967
    0.467751    0.763376    0.874575   -0.517793    0.069627   -0.185535
    0.125026   -0.268476   -0.868909   -0.287484    0.325170   -0.910155
   -0.742947    0.720198   -0.351313   -0.612511   -0.670426    0.543871
   -0.697950   -0.667575    0.379233    0.659404   -0.851693    0.056195
    0.483208   -0.164706   -0.343740    0.190225   -0.399058   -0.310875
    0.479200    0.684736
