    0.227191    0.290280   -0.354185    0.214715    0.610082   -0.628625
    0.503909   -0.752409    0.268013   -0.993852    0.577748    0.581382
    0.029637    0.852037   -0.202102   -0.180069   -0.686616   -0.430079
    0.178862   -0.804146    0.112636    0.993121   -0.092081   -0.304503
    0.860754    0.094411   -0.858532    0.892540   -0.963706    0.210661
   -0.164493   -0.134042   -0.237451   -0.944435   -0.417526   -0.710056
   -0.478107   -0.684600    0.311795    0.115995    0.607268   -0.350214
   -0.565463   -0.971696   -0.785433   -0.614743   -0.519487   -0.433583
    0.796897    0.880415   -0.346359   -0.975714   -0.784635    0.256461
   -0.918941    0.933290    0.509723   -0.128130   -0.222478   -0.211928
    0.010859    0.560576    0.632163    0.748313   -0.598884    0.795266
    0.204886   -0.358100    0.330225    0.186591   -0.684276   -0.969509
   -0.432091   -0.042433   -0.309925    0.508036    0.019131   -0.230318
   -0.501948    0.579446    0.279840    0.850344   -0.721853    0.865119
   -0.474285    0.773580   -0.423942    0.602887   -0.267289    0.423417
    0.148468   -0.047308    0.791556    0.094287   -0.722193   -0.783723
    0.444134   -0.424181   -0.803147   -0.615325   -0.956189   -0.376198
   -0.382286   -0.967298   -0.746049    0.202833    0.575693   -0.494754
   -0.539319    0.025689    0.158950    0.487898    0.180848   -0.942248
    0.060286    0.722136   -0.547114    0.148489   -0.757554   -0.386938
    0.833390    0.498917    0.441474   -0.325074    0.081613    0.020420
   -0.738492   -0.793625    0.104801   -0.072482    0.722383    0.151560
   -0.288603   -0.004753   -0.445211    0.963647   -0.246187   -0.217629
   -0.548942   -0.685673    0.795954   -0.534646    0.378632   -0.072662
    0.403355    0.013054   -0.405380    0.723167   -0.181140    0.530466
    0.415676   -0.993558   -0.725326   -0.700443    0.804381   -0.604824
   -0.155681   -0.205970    0.428456    0.425897   -0.913940   -0.794980
    0.346423    0.825827   -0.879071   -0.455300   -0.507842    0.208009
   -0.202983   -0.168506    0.761278    0.515959    0.201046    0.417809
    0.990101    0.208014   -0.277717   -0.593705   -0.002689    0.590692
   -0.535171   -0.218150   -0.908379    0.802969   -0.913648    0.245993
    0.021801   -0.896261   -0.763513    0.539971    0.510111    0.388933
    0.232957    0.464504   -0.183277   -0.934457    0.141319   -0.306890
   -0.036670   -0.872468   -0.164905    0.429342    0.873914    0.800605
   -0.237120   -0.035965    0.379447   -0.171212    0.175772   -0.525628
    0.651234    0.606671    0.893075    0.805413   -0.423225    0.159267
    0.385746   -0.992601   -0.048624   -0.038584   -0.094873    0.563948
    0.205389   -0.106485    0.173179   -0.762684   -0.959045    0.881556
   -0.272143   -0.354194   -0.637465    0.250060    0.006326    0.118502
    0.459393   -0.298276   -0.735740    0.956381    0.633604    0.928835
    0.179125    0.162114   -0.731189   -0.871047    0.211909    0.202399
   -0.544610   -0.497096   -0.509504    0.086107   -0.434479   -0.654169
   -0.968532   -0.869807   -0.674182   -0.351308   -0.806086    0.691237
   -0.193440    0.579875   -0.866203   -0.541151    0.309987    0.654755
    0.039671   -0.334856    0.555593   -0.897853   -0.232378    0.974129
   -0.921546    0.630404    0.224033    0.236885   -0.160293   -0.482675
    0.420266   -0.195005    0.789630   -0.258035   -0.406871    0.154673
    0.752046   -0.151400   -0.616637   -0.855195    0.824231   -0.180758
    0.938152    0.912893   -0.194294    0.264103    0.593889   -0.632302
   -0.076321   -0.626044   -0.776525   -0.494555   -0.548446   -0.824320
    0.374823   -0.930043    0.858767    0.937682   -0.205103   -0.789520
    0.324104    0.248931    0.105991   -0.258856    0.158618    0.249083
   -0.348154    0.240963   -0.214797    0.045846   -0.948370    0.794349
    0.494423   -0.903993   -0.732816    0.776923    0.835584   -0.910868
   -0.932273   -0.856716    0.346257   -0.163965   -0.581667   -0.962558
   -0.285245    0.871650   -0.221511    0.781664    0.546193    0.808213
   -0.442159    0.505396    0.644601    0.289247   -0.802294   -0.068314
   -0.704027    0.684481    0.906378    0.243580   -0.606575    0.023189
    0.786101    0.286467    0.669181   -0.645988    0.118085   -0.576445
    0.075794   -0.629815    0.859451   -0.902660   -0.384019    0.027123
   -0.313219   -0.120803    0.515350   -0.213680    0.143454    0.268359
    0.213699    0.915660   -0.249581    0.011065    0.475904   -0.182154
   -0.275311    0.257692    0.430856    0.394866    0.981945    0.426470
    0.111356   -0.047307   -0.693218    0.413650   -0.504735    0.195756
    0.856285   -0.686334    0.839502   -0.702097    0.211393   -0.851438
    0.049943    0.935717    0.868838    0.680725   -0.767353   -0.570460
    0.086557   -0.267290   -0.935823    0.379392   -0.781143   -0.525471
    0.191228    0.696766   -0.975523   -0.777937   -0.786251   -0.866561
   -0.073577   -0.790129   -0.978264    0.670660   -0.302456    0.003362
   -0.575384   -0.917244    0.703398    0.825879   -0.894645    0.912902
   -0.857741   -0.323561   -0.040959    0.756756    0.562297   -0.593664
   -0.224511   -0.462439    0.935450   -0.025186    0.705582    0.829167
    0.174184   -0.974944   -0.024917   -0.213247   -0.393969   -0.439028
   -0.905609    0.130031   -0.927497    0.971398   -0.023380   -0.915347
   -0.280499   -0.788356    0.237268    0.873714   -0.937523   -0.394901
   -0.474057   -0.833937    0.535946   -0.426942    0.906626   -0.851027
    0.723991   -0.837781    0.357826    0.946351    0.245133   -0.433106
    0.907902   -0.329188    0.784195    0.587206    0.175821    0.294801
    0.383228   -0.288796    0.505785    0.787684    0.576382    0.930037
    0.777227   -0.870056   -0.447445    0.673817   -0.154168   -0.627022
   -0.700635    0.414203   -0.891468    0.529184   -0.542308   -0.018811
    0.581978   -0.063769   -0.085911   -0.928127    0.894367   -0.779754
   -0.071454   -0.737216   -0.312872    0.808974   -0.692701   -0.139669
    0.608994    0.303349    0.656904   -0.909740    0.983415   -0.199076
   -0.293255   -0.785311    0.134369    0.012287    0.877813    0.804027
   -0.552532   -0.503980   -0.415396    0.042824   -0.406145   -0.812499
    0.604346   -0.454098   -0.453907    0.683708   -0.472218   -0.075701
    0.765343   -0.643564    0.688538   -0.958437   -0.227301   -0.815821
    0.232889   -0.572816    0.226650    0.040616   -0.622343   -0.046312
    0.049857    0.432688    0.699840   -0.275143    0.243422   -0.909521
    0.933525   -0.180517    0.854623   -0.418299    0.737163    0.201607
   -0.907174   -0.973336    0.860391    0.029281   -0.586033   -0.113540
   -0.985637   -0.822332    0.505873    0.783506   -0.783031   -0.290045
   -0.790607    0.785567    0.893247   -0.225007    0.385311    0.166549
   -0.738108   -0.438141   -0.988679    0.706090   -0.097077   -0.002738
   -0.676398   -0.315418   -0.884292   -0.430874   -0.575214    0.726098
   -0.528584   -0.741628    0.870241   -0.119617   -0.109180    0.142182
   -0.893186    0.351491   -0.473716    0.378316   -0.588470   -0.695104
   -0.370701    0.042088   -0.594316    0.784961   -0.571778   -0.923214
   -0.727510    0.734329    0.431245   -0.700441    0.078581   -0.073095
    0.389161   -0.108787    0.033083    0.580695    0.216829    0.726112
    0.117740   -0.620997    0.400505    0.643491   -0.051133    0.533885
   -0.279718   -0.520026    0.449538    0.210177    0.857761   -0.203647
   -0.467092   -0.630540    0.097899    0.878080    0.906756   -0.311635
   -0.155578   -0.208514    0.649776   -0.772304    0.246299   -0.316335
    0.092934   -0.119610   -0.124137   -0.689088   -0.528965   -0.211156
    0.900255    0.323600   -0.634789   -0.806081    0.255268   -0.747088
   -0.052796    0.361598    0.034983    0.859613    0.161056    0.525512
   -0.338985    0.562412    0.511750    0.470004    0.162180    0.463080
   -0.851014   -0.520945   -0.761357   -0.714839   -0.896942    0.890965
   -0.235899   -0.943034   -0.770389   -0.109092    0.595620    0.890142
    0.535599   -0.018534   -0.012322    0.641851   -0.425104   -0.652973
    0.534996    0.710637   -0.019025   -0.624278   -0.863731    0.965275
   -0.295660    0.718829   -0.909814    0.908978    0.442066    0.639331
    0.014041   -0.066806   -0.041518   -0.553963    0.899887    0.315691
    0.182152    0.738623    0.700435   -0.069409   -0.544624    0.190258
   -0.253158   -0.391535   -0.889583   -0.563730    0.394341    0.917228
   -0.646888   -0.542375   -0.137046    0.170351   -0.357525   -0.161119
    0.082143   -0.399154    0.894494   -0.525508    0.951470   -0.806654
   -0.703063   -0.391354    0.294011    0.776530    0.288196   -0.470412
   -0.111184   -0.185133    0.028083   -0.664917    0.048294    0.590793
   -0.334276    0.566962    0.989356    0.869561   -0.535366   -0.200228
   -0.424070    0.638292    0.608315    0.884346   -0.871813   -0.700547
    0.464792    0.345090    0.358610    0.305200    0.395159   -0.833260
   -0.128419    0.602571   -0.481339    0.212653    0.155717    0.419315
   -0.478330   -0.142497   -0.882856    0.008932   -0.015177    0.522263
    0.500650    0.863609    0.844340   -0.473536   -0.817517   -0.419523
    0.615302    0.811146   -0.032369    0.307648   -0.838118    0.246846
    0.966035   -0.835401   -0.667394   -0.068613    0.106544    0.337439
   -0.536525   -0.760870   -0.439388   -0.799143   -0.058652   -0.757965
    0.947787    0.591182    0.345158   -0.348724    0.095602   -0.114964
    0.703308   -0.099620   -0.119537   -0.018785   -0.139174    0.937405
   -0.687849    0.160375   -0.282181   -0.464001   -0.691370   -0.397904
    0.637089    0.113558   -0.751569    0.646865   -0.346312    0.560423
    0.191078    0.517465   -0.208714   -0.829739    0.798820   -0.507613
   -0.273842   -0.286015    0.306055    0.453048   -0.381763   -0.069003
   -0.640450   -0.512574   -0.072379    0.893928    0.311609   -0.862672
    0.161324   -0.088822   -0.759932    0.685637   -0.767294    0.732150
    0.184794   -0.264946   -0.780970    0.826337   -0.054573    0.157712
    0.854297   -0.429500   -0.519763    0.348608   -0.760741    0.716882
    0.084015   -0.171022    0.291502    0.922243    0.095483   -0.361458
   -0.305115   -0.763223    0.255088   -0.157781    0.131382   -0.656676
   -0.712491    0.459258    0.010092   -0.716171   -0.396774   -0.870829
   -0.228795    0.174900   -0.522115   -0.545415   -0.369832    0.896087
   -0.477598   -0.641566    0.148509    0.523523   -0.842966   -0.964069
   -0.598015    0.447904    0.502645    0.986538   -0.907154    0.210032
    0.904198    0.700275    0.331200    0.868051    0.719802   -0.505868
   -0.038432    0.393147    0.409756   -0.978521   -0.954627   -0.944171
   -0.905451   -0.956083   -0.522788    0.839990   -0.712857   -0.357412
    0.769265    0.884599    0.149429    0.214857    0.603690   -0.022593
   -0.506370    0.871529    0.478651   -0.115307   -0.378882   -0.716528
    0.902775   -0.983112    0.586406    0.309397   -0.181815   -0.839243
   -0.939238    0.616810    0.642447    0.594723    0.737975    0.936964
    0.950176   -0.987373   -0.124311   -0.438298    0.857930    0.910141
   -0.027942   -0.195987    0.364828    0.139992   -0.744658   -0.935095
   -0.180122   -0.226378   -0.145927   -0.383749    0.186042    0.033165
    0.369541    0.075834   -0.927071    0.457280   -0.191794   -0.153035
   -0.983462   -0.589155   -0.341189   -0.110752    0.790154    0.479463
   -0.945724   -0.936987    0.305911    0.079170   -0.564061    0.457226
    0.540915   -0.259026    0.192899   -0.811714    0.802968   -0.578849
   -0.516372    0.726319   -0.763824   -0.456736   -0.646493   -0.640397
   -0.011403    0.689101    0.003868    0.509270    0.253422    0.258970
   -0.953679   -0.161542    0.542958    0.175020    0.693643    0.657366
    0.886843    0.116247    0.738025    0.846126   -0.164959   -0.272249
   -0.872873    0.444119    0.932597   -0.278170    0.381931   -0.768467
    0.610915   -0.100963    0.105452    0.606152    0.403112   -0.712324
   -0.558102    0.575345    0.534271   -0.457794    0.855776    0.356384
   -0.215226    0.525099    0.217022    0.097027   -0.341340    0.234555
   -0.553806   -0.594373   -0.660163    0.426860    0.738929    0.839043
    0.475570   -0.651527   -0.332872    0.509290    0.128385    0.618437
   -0.257278    0.557593    0.440339   -0.669213    0.578143    0.906413
    0.229690    0.807350   -0.395958    0.748877   -0.447421    0.881372
    0.089855   -0.430798   -0.608946    0.879408   -0.660972    0.886515
    0.162668    0.986187    0.609516   -0.103862   -0.701324   -0.591308
   -0.215864    0.415049   -0.611523    0.284212   -0.417379   -0.108577
   -0.616874   -0.351916   -0.062740   -0.729668    0.483492    0.012046
    0.707930   -0.115142    0.302871    0.117513    0.156314    0.027547
    0.825484   -0.435705   -0.764444   -0.457598   -0.922630    0.062517
    0.607380    0.249734    0.350035   -0.238007    0.092988    0.172125
   -0.423810   -0.457017    0.996454    0.320010    0.164094    0.213481
   -0.828394   -0.837132    0.917196   -0.877976    0.154485    0.911467
    0.725186   -0.496918   -0.812556    0.301138   -0.484014    0.343677
   -0.083058    0.787404    0.780966   -0.261434    0.180980   -0.006020
    0.149871    0.655203   -0.352009    0.398542   -0.112037   -0.112037
   -0.633201   -0.177422    0.115932    0.045129   -0.959997    0.691363
    0.273757   -0.212825    0.263364   -0.874420    0.863834    0.362538
   -0.517579   -0.599139   -0.561618   -0.647128   -0.209319    0.944775
    0.567025    0.560888   -0.823627    0.439370   -0.154133   -0.892352
    0.110531    0.109807   -0.058242   -0.559873   -0.388516    0.134760
   -0.343962   -0.245485    0.762416    0.312008   -0.168932   -0.249859
   -0.748625    0.348934    0.728130    0.839787    0.695754   -0.255736
   -0.800066   -0.398940    0.528725    0.419689    0.856529    0.863618
    0.562703    0.987041    0.602171    0.770217    0.513012    0.570085
   -0.865539    0.911351   -0.009284   -0.883391   -0.290647   -0.127365
   -0.052560    0.298791    0.750516    0.670738    0.022422   -0.489362
   -0.421853   -0.524500   -0.445644   -0.370573   -0.587399   -0.624306
   -0.278568   -0.598399    0.905390   -0.756190   -0.061476    0.735807
    0.173669    0.766596   -0.839933    0.236652    0.782621    0.458840
    0.772617    0.773837   -0.298916    0.375943    0.026536   -0.759997
    0.402351   -0.614731   -0.185583    0.813450   -0.066096   -0.342834
    0.637411   -0.207898   -0.176684   -0.227389   -0.971659    0.244638
    0.522675   -0.353364   -0.127325   -0.845624   -0.517934   -0.161519
   -0.301045   -0.378322    0.934798    0.712287   -0.121284   -0.676562
   -0.764308   -0.613766    0.322572   -0.002513    0.561929   -0.878425
   -0.388982    0.408551    0.633087   -0.805338   -0.477216   -0.119441
    0.908271    0.112205   -0.511486   -0.423549   -0.056546   -0.127398
   -0.012337   -0.207213    0.899807   -0.455274   -0.965768   -0.029325
    0.430402   -0.362112    0.366822   -0.461055   -0.067739   -0.290677
   -0.581549    0.153716   -0.002085   -0.332464   -0.841418   -0.513595
    0.240985   -0.033161    0.865352   -0.773581    0.668235   -0.403645
   -0.515229    0.771459    0.346792   -0.436792    0.912163   -0.964498
    0.377710   -0.577390    0.556076    0.643104   -0.009324   -0.621113
   -0.956590   -0.875754   -0.646372    0.792212    0.235933   -0.129267
   -0.298926    0.487790   -0.805751    0.150145    0.143430   -0.355527
   -0.523743    0.372699    0.398710   -0.252018   -0.575583   -0.217861
   -0.298578    0.489900    0.145945   -0.826179   -0.067095    0.976287
   -0.350139   -0.180718   -0.518301   -0.288667    0.027036    0.489633
    0.581876    0.940850    0.303317    0.213025    0.432723    0.694361
    0.198970    0.727923   -0.565899    0.321491    0.006617   -0.423876
   -0.922321    0.909904    0.932528   -0.142534   -0.159357    0.226784
   -0.969601    0.301452   -0.934984    0.319754    0.968870   -0.717105
    0.133993    0.016037    0.309895   -0.877048    0.234410    0.654505
   -0.795882   -0.937309   -0.575524   -0.235034    0.181051    0.195433
   -0.492876    0.405463   -0.942156   -0.271140   -0.413674   -0.908736
   -0.746121    0.363994    0.573059    0.994541    0.502591    0.576890
   -0.880897    0.772494    0.038757   -0.439178   -0.775808   -0.419683
    0.379777    0.741222    0.168569    0.176694   -0.174029    0.338522
   -0.203748   -0.836578    0.220857    0.509801    0.027505   -0.847110
    0.803609    0.916071    0.091750   -0.094799    0.664297    0.639817
   -0.251429   -0.149802    0.760626   -0.401484   -0.179341   -0.342894
    0.257794    0.476896   -0.613478    0.218385    0.057758    0.413589
    0.803264   -0.820288   -0.758923   -0.668923   -0.414308    0.953998
   -0.174397    0.009891   -0.670969    0.308128   -0.810051   -0.209847
   -0.820057    0.347858   -0.323351   -0.216666    0.467065    0.425736
   -0.717328    0.833391    0.910277    0.022965    0.644000   -0.684566
    0.257971    0.147498    0.636971    0.580331   -0.759444    0.272160
    0.552189    0.592449   -0.355547   -0.894275    0.168397   -0.376090
   -0.836008    0.328074   -0.335507    0.552242   -0.379786    0.306530
    0.988929   -0.709525    0.683651    0.955135   -0.427624    0.671132
    0.752179   -0.987649    0.874364    0.913380   -0.738573   -0.062281
   -0.492477   -0.747175   -0.404453    0.507296   -0.887280   -0.225763
   -0.952758    0.702619   -0.146980    0.393656   -0.019057   -0.910415
    0.938346    0.296987   -0.575121   -0.407725   -0.500937    0.298365
    0.395582   -0.256034    0.291230    0.198638    0.181068    0.402204
    0.857111    0.777342   -0.917075    0.625347   -0.700831    0.731780
   -0.698817   -0.888335   -0.984313   -0.918898   -0.250129   -0.183354
   -0.001741   -0.510825    0.114871   -0.755872   -0.265400   -0.427405
   -0.071526   -0.639728   -0.475955   -0.580580    0.786906    0.102808
    0.936880    0.879844    0.014022   -0.589543    0.664389   -0.293392
   -0.642686    0.442943   -0.665287    0.167595   -0.992375    0.530066

